,anomaly_type,type,is_clustered,ready,pre_script_start,pre_script_end,submit,stage_in_start,stage_in_end,stage_in_effective_bytes_per_sec,execute_start,execute_end,stage_out_start,stage_out_end,stage_out_effective_bytes_per_sec,post_script_start,post_script_end,wms_delay,pre_script_delay,queue_delay,runtime,post_script_delay,stage_in_delay,stage_in_bytes,stage_out_delay,stage_out_bytes,kickstart_user,kickstart_site,kickstart_hostname,kickstart_transformations,kickstart_executables,kickstart_executables_argv,kickstart_executables_cpu_time,kickstart_status,kickstart_executables_exitcode,kickstart_online_iowait,kickstart_online_bytes_read,kickstart_online_bytes_written,kickstart_online_read_system_calls,kickstart_online_write_system_calls,kickstart_online_utime,kickstart_online_stime,kickstart_online_bytes_read_per_second,kickstart_online_bytes_written_per_second
create_dir_pycbc-search_0_condorpool,None,auxiliary,0,1716788517.0,,,1716788518.0,,,0.0,1716788522.0,1716788528.0,,,0.0,1716788528.0,1716788533.0,1.0,,4.0,6.0,5.0,,,,,poseidon,local,poseidon-submit,pegasus::dirmanager,/mnt/poseidon-data/poseidon/pegasus-5.1.0panorama/bin/pegasus-transfer,pegasus-kickstart  -n pegasus::dirmanager -N null -i - -R local  -L pycbc-search -T 2024-03-27T21:26:08+00:00 pegasus-transfer,0.3,0,0,,,,,,,,,
create_dir_pycbc-search_0_local,None,auxiliary,0,1716788517.0,,,1716788518.0,,,0.0,1716788522.0,1716788528.0,,,0.0,1716788528.0,1716788533.0,1.0,,4.0,6.0,5.0,,,,,poseidon,local,poseidon-submit,pegasus::dirmanager,/mnt/poseidon-data/poseidon/pegasus-5.1.0panorama/bin/pegasus-transfer,pegasus-kickstart  -n pegasus::dirmanager -N null -i - -R local  -L pycbc-search -T 2024-03-27T21:26:08+00:00 pegasus-transfer,0.3,0,0,,,,,,,,,
calculate_psd_ID38_ID0000041,None,compute,0,1716788533.0,,,1716788538.0,1716788559.0,1716788575.0,149984597.6,1716788558.0,1716788714.0,1716788701.0,1716788704.0,5372767.0,1716788714.0,1716788719.0,5.0,,20.0,156.0,5.0,16.0,1485630519.0,3.0,17785535.0,poseidon,condorpool,poseidon-worker-1-container-40-43,calculate_psd_ID38,/usr/local/bin/pycbc_calculate_psd,,27.3,0,0,0.1,661355851.0,28825.0,4752.0,33.0,21.0,3.9,13227117.0,2882.5
calculate_psd_ID38_ID0000040,None,compute,0,1716788533.0,,,1716788538.0,1716788559.0,1716788575.0,144774209.6,1716788558.0,1716788714.0,1716788701.0,1716788704.0,5434161.0,1716788714.0,1716788719.0,5.0,,20.0,156.0,5.0,16.0,1488783041.0,3.0,17717127.0,poseidon,condorpool,poseidon-worker-2-container-36-39,calculate_psd_ID38,/usr/local/bin/pycbc_calculate_psd,,26.8,0,0,0.1,680272360.0,28825.0,4757.0,33.0,21.1,3.8,13605447.2,2882.5
page_segtable_ID45_ID0000046,hdd_10,compute,0,1716788533.0,,,1716788538.0,1716788559.0,1716788579.0,91812840.4,1716788558.0,1716788714.0,1716788701.0,1716788704.0,815.0,1716788714.0,1716788719.0,5.0,,20.0,156.0,5.0,20.0,1379890407.0,3.0,2496.0,poseidon,condorpool,poseidon-worker-1-container-44-47,page_segtable_ID45,/usr/local/bin/pycbc_page_segtable,,3.0,0,0,,,,,,,,,
page_segtable_ID45_ID0000048,None,compute,0,1716788533.0,,,1716788538.0,1716788559.0,1716788575.0,124246684.6,1716788558.0,1716788714.0,1716788701.0,1716788704.0,787.0,1716788714.0,1716788719.0,5.0,,20.0,156.0,5.0,16.0,1379890267.0,3.0,2376.0,poseidon,condorpool,poseidon-worker-2-container-28-31,page_segtable_ID45,/usr/local/bin/pycbc_page_segtable,,3.0,0,0,,,,,,,,,
plot_segments_ID43_ID0000044,None,compute,0,1716788533.0,,,1716788538.0,1716788559.0,1716788576.0,113681346.9,1716788558.0,1716788714.0,1716788701.0,1716788704.0,7966.0,1716788714.0,1716788719.0,5.0,,20.0,156.0,5.0,17.0,1379884331.0,3.0,24219.0,poseidon,condorpool,poseidon-worker-2-container-40-43,plot_segments_ID43,/usr/local/bin/pycbc_page_segments,,3.0,0,0,,,,,,,,,
injections_ID123_ID0000132,None,compute,0,1716788533.0,,,1716788538.0,1716788559.0,1716788570.0,125652786.0,1716788558.0,1716788714.0,1716788701.0,1716788704.0,13126.0,1716788714.0,1716788719.0,5.0,,20.0,156.0,5.0,11.0,1379880960.0,3.0,40346.0,poseidon,condorpool,poseidon-worker-1-container-32-35,injections_ID123,/usr/local/bin/lalapps_inspinj,,0.2,0,0,,,,,,,,,
page_versioning_ID174_ID0000184,None,compute,0,1716788533.0,,,1716788538.0,1716788559.0,1716788571.0,108354989.0,1716788558.0,1716788714.0,1716788701.0,1716788704.0,17756.0,1716788714.0,1716788719.0,5.0,,20.0,156.0,5.0,12.0,1379880960.0,3.0,54037.0,poseidon,condorpool,poseidon-worker-2-container-44-47,page_versioning_ID174,/usr/local/bin/pycbc_page_versioning,,73.6,0,0,0.1,1691635314.0,2159120.0,274413.0,2384.0,8.6,2.5,12083109.4,15422.3
calculate_psd_ID38_ID0000039,None,compute,0,1716788533.0,,,1716788538.0,1716788559.0,1716788578.0,116167844.5,1716788558.0,1716788714.0,1716788701.0,1716788704.0,5443578.0,1716788714.0,1716788719.0,5.0,,20.0,156.0,5.0,19.0,1509359540.0,3.0,18080430.0,poseidon,condorpool,poseidon-worker-1-container-36-39,calculate_psd_ID38,/usr/local/bin/pycbc_calculate_psd,,30.7,0,0,0.1,803735551.0,28825.0,4775.0,33.0,24.3,5.6,13395592.5,2882.5
page_segplot_ID46_ID0000047,None,compute,0,1716788533.0,,,1716788538.0,1716788559.0,1716788577.0,107897624.3,1716788558.0,1716788714.0,1716788701.0,1716788704.0,17703.0,1716788714.0,1716788719.0,5.0,,20.0,156.0,5.0,18.0,1379890407.0,3.0,54164.0,poseidon,condorpool,poseidon-worker-2-container-32-35,page_segplot_ID46,/usr/local/bin/pycbc_page_segplot,,3.1,0,0,,,,,,,,,
bank2hdf_ID0_ID0000001,hdd_10,compute,0,1716788533.0,,,1716788538.0,1716788559.0,1716788578.0,106905479.3,1716788559.0,1716788714.0,1716788701.0,1716788704.0,10905.0,1716788714.0,1716788719.0,5.0,,21.0,155.0,5.0,19.0,1379906606.0,3.0,33190.0,poseidon,condorpool,poseidon-worker-2-container-16-19,bank2hdf_ID0,/usr/local/bin/pycbc_coinc_bank2hdf,,2.1,0,0,,,,,,,,,
plot_bank_ID2_ID0000003,None,compute,0,1716788719.0,,,1716788724.0,1716788725.0,1716788741.0,141909870.8,1716788724.0,1716788759.0,1716788749.0,1716788751.0,8094.0,1716788759.0,1716788764.0,5.0,,0.0,35.0,5.0,16.0,1379914150.0,2.0,22779.0,poseidon,condorpool,poseidon-worker-2-container-28-31,plot_bank_ID2,/usr/local/bin/pycbc_plot_bank_bins,,2.6,0,0,,,,,,,,,
stage_out_local_condorpool_0_0,None,transfer,0,1716788719.0,,,1716788724.0,,,0.0,1716788724.0,1716788734.0,1716788724.0,1716788728.0,52222.0,1716788734.0,1716788739.0,5.0,,0.0,10.0,5.0,,,4.0,210828.0,poseidon,local,poseidon-submit,pegasus::transfer,/mnt/poseidon-data/poseidon/pegasus-5.1.0panorama/bin/pegasus-transfer,pegasus-kickstart  -n pegasus::transfer -N null -i - -R local  -L pycbc-search -T 2024-03-27T21:26:08+00:00 pegasus-transfer  --threads 2,0.9,0,0,,,,,,,,,
splitbank_ID1_ID0000131,None,compute,0,1716788719.0,,,1716788724.0,1716788725.0,1716788742.0,124875580.8,1716788724.0,1716788759.0,1716788749.0,1716788752.0,12144.0,1716788759.0,1716788764.0,5.0,,0.0,35.0,5.0,17.0,1379914150.0,3.0,33190.0,poseidon,condorpool,poseidon-worker-2-container-44-47,splitbank_ID1,/usr/local/bin/pycbc_hdf5_splitbank,,1.9,0,0,,,,,,,,,
splitbank_ID1_ID0000002,hdd_10,compute,0,1716788719.0,,,1716788724.0,1716788725.0,1716788742.0,123333176.4,1716788724.0,1716788879.0,1716788869.0,1716788872.0,11007.0,1716788879.0,1716788884.0,5.0,,0.0,155.0,5.0,17.0,1379914150.0,3.0,33190.0,poseidon,condorpool,poseidon-worker-1-container-44-47,splitbank_ID1,/usr/local/bin/pycbc_hdf5_splitbank,,1.9,0,0,,,,,,,,,
plot_spectrum_ID41_ID0000042,None,compute,0,1716788719.0,,,1716788724.0,1716788725.0,1716788744.0,114845543.2,1716788724.0,1716788764.0,1716788755.0,1716788757.0,103674.0,1716788764.0,1716788769.0,5.0,,0.0,40.0,5.0,19.0,1433464052.0,2.0,287143.0,poseidon,condorpool,poseidon-worker-2-container-36-39,plot_spectrum_ID41,/usr/local/bin/pycbc_plot_psd_file,,5.2,0,0,0.0,86603147.0,259846.0,13209.0,40.0,3.4,1.5,8660314.7,25984.6
plot_range_ID42_ID0000043,None,compute,0,1716788719.0,,,1716788724.0,1716788725.0,1716788742.0,136929466.0,1716788724.0,1716788879.0,1716788869.0,1716788872.0,16439.0,1716788879.0,1716788884.0,5.0,,0.0,155.0,5.0,17.0,1433464052.0,3.0,49604.0,poseidon,condorpool,poseidon-worker-1-container-36-39,plot_range_ID42,/usr/local/bin/pycbc_plot_range,,3.8,0,0,,,,,,,,,
inj2hdf_ID124_ID0000133,None,compute,0,1716788719.0,,,1716788724.0,1716788725.0,1716788742.0,125276254.6,1716788724.0,1716788759.0,1716788749.0,1716788752.0,22972.0,1716788759.0,1716788764.0,5.0,,0.0,35.0,5.0,17.0,1379921306.0,3.0,63156.0,poseidon,condorpool,poseidon-worker-2-container-40-43,inj2hdf_ID124,/usr/local/bin/pycbc_convertinjfiletohdf,,2.2,0,0,,,,,,,,,
register_condorpool_0_0,None,auxiliary,0,1716788739.0,,,1716788744.0,,,0.0,1716788744.0,1716788749.0,,,0.0,1716788749.0,1716788754.0,5.0,,0.0,5.0,5.0,,,,,poseidon,local,poseidon-submit,pegasus::rc-client,/mnt/poseidon-data/poseidon/pegasus-5.1.0panorama/bin/pegasus-rc-client,"pegasus-kickstart  -n pegasus::rc-client -N null -R local  -L pycbc-search -T 2024-03-27T21:26:08+00:00 /home/poseidon/pegasus-5.1.0panorama/bin/pegasus-rc-client --prefix pegasus.catalog.replica.output --conf /mnt/poseidon-data/poseidon/workflows/pycbc/search/poseidon/submit/poseidon/pegasus/pycbc-search/run0476/pegasus.5909648066408654216.properties -v --meta /mnt/poseidon-data/poseidon/workflows/pycbc/search/poseidon/submit/poseidon/pegasus/pycbc-search/run0476/00/00/calculate_psd_ID38_ID0000041.meta,/mnt/poseidon-data/poseidon/workflows/pycbc/search/poseidon/submit/poseidon/pegasus/pycbc-search/run0476/00/00/calculate_psd_ID38_ID0000039.meta,/mnt/poseidon-data/poseidon/workflows/pycbc/search/poseidon/submit/poseidon/pegasus/pycbc-search/run0476/00/00/injections_ID123_ID0000132.meta,/mnt/poseidon-data/poseidon/workflows/pycbc/search/poseidon/submit/poseidon/pegasus/pycbc-search/run0476/00/00/page_versioning_ID174_ID0000184.meta,/mnt/poseidon-data/poseidon/workflows/pycbc/search/poseidon/submit/poseidon/pegasus/pycbc-search/run0476/00/00/page_segtable_ID45_ID0000046.meta,/mnt/poseidon-data/poseidon/workflows/pycbc/search/poseidon/submit/poseidon/pegasus/pycbc-search/run0476/00/00/page_segtable_ID45_ID0000048.meta,/mnt/poseidon-data/poseidon/workflows/pycbc/search/poseidon/submit/poseidon/pegasus/pycbc-search/run0476/00/00/page_segplot_ID46_ID0000047.meta,/mnt/poseidon-data/poseidon/workflows/pycbc/search/poseidon/submit/poseidon/pegasus/pycbc-search/run0476/00/00/calculate_psd_ID38_ID0000040.meta,/mnt/poseidon-data/poseidon/workflows/pycbc/search/poseidon/submit/poseidon/pegasus/pycbc-search/run0476/00/00/bank2hdf_ID0_ID0000001.meta,/mnt/poseidon-data/poseidon/workflows/pycbc/search/poseidon/submit/poseidon/pegasus/pycbc-search/run0476/00/00/plot_segments_ID43_ID0000044.meta --insert /mnt/poseidon-data/poseidon/workflows/pycbc/search/poseidon/submit/poseidon/pegasus/pycbc-search/run0476/00/00/register_condorpool_0_0.in",3.2,0,0,,,,,,,,,
optimal_snr_ID125_ID0000134,None,compute,0,1716788764.0,,,1716788769.0,1716788770.0,1716788786.0,146792106.0,1716788769.0,1716788809.0,1716788800.0,1716788803.0,16800.0,1716788809.0,1716788814.0,5.0,,0.0,40.0,5.0,16.0,1433527208.0,3.0,50176.0,poseidon,condorpool,poseidon-worker-2-container-28-31,optimal_snr_ID125,/usr/local/bin/pycbc_optimal_snr,,8.2,0,0,0.1,83969283.0,28374.0,11142.0,26.0,3.4,1.4,8396928.3,2837.4
optimal_snr_ID125_ID0000135,None,compute,0,1716788764.0,,,1716788769.0,1716788770.0,1716788787.0,132158752.6,1716788769.0,1716788809.0,1716788800.0,1716788803.0,18422.0,1716788809.0,1716788814.0,5.0,,0.0,40.0,5.0,17.0,1433527208.0,3.0,50176.0,poseidon,condorpool,poseidon-worker-2-container-36-39,optimal_snr_ID125,/usr/local/bin/pycbc_optimal_snr,,8.2,0,0,0.0,79841587.0,28374.0,10684.0,26.0,3.4,1.5,7984158.7,2837.4
inspiral-BBH_INJECTIONS-H1_ID128_ID0000137,None,compute,0,1716788764.0,,,1716788769.0,1716788770.0,1716788786.0,150030984.7,1716788769.0,1716789085.0,1716789072.0,1716789075.0,419268.0,1716789085.0,1716789090.0,5.0,,0.0,316.0,5.0,16.0,1485724034.0,3.0,1170838.0,poseidon,condorpool,poseidon-worker-2-container-44-47,inspiral-BBH_INJECTIONS-H1_ID128,/usr/local/bin/pycbc_inspiral,,280.5,0,0,0.1,661032833.0,28374.0,5610.0,26.0,275.5,4.4,1180415.8,2837.4
inspiral-BBH_INJECTIONS-V1_ID130_ID0000139,None,compute,0,1716788764.0,,,1716788769.0,1716788770.0,1716788786.0,151817410.4,1716788769.0,1716789034.0,1716789021.0,1716789024.0,344954.0,1716789034.0,1716789039.0,5.0,,0.0,265.0,5.0,16.0,1509453055.0,3.0,1026218.0,poseidon,condorpool,poseidon-worker-2-container-40-43,inspiral-BBH_INJECTIONS-V1_ID130,/usr/local/bin/pycbc_inspiral,,229.3,0,0,0.0,803364797.0,28374.0,5440.0,26.0,218.8,6.1,1785255.1,2837.4
inspiral-BBH_INJECTIONS-L1_ID129_ID0000138,hdd_10,compute,0,1716788764.0,,,1716788769.0,1716788870.0,1716788887.0,141515095.8,1716788869.0,1716789201.0,1716789189.0,1716789192.0,325042.0,1716789201.0,1716789206.0,5.0,,100.0,332.0,5.0,17.0,1488876556.0,3.0,1002684.0,poseidon,condorpool,poseidon-worker-1-container-44-47,inspiral-BBH_INJECTIONS-L1_ID129,/usr/local/bin/pycbc_inspiral,,186.5,0,0,0.0,679883542.0,28374.0,5342.0,26.0,179.2,5.6,1837523.1,2837.4
optimal_snr_merge_ID127_ID0000136,None,compute,0,1716788814.0,,,1716788819.0,1716788820.0,1716788836.0,142958160.3,1716788820.0,1716788854.0,1716788843.0,1716788846.0,23922.0,1716788854.0,1716788859.0,5.0,,1.0,34.0,5.0,16.0,1379981312.0,3.0,67932.0,poseidon,condorpool,poseidon-worker-2-container-28-31,optimal_snr_merge_ID127,/usr/local/bin/pycbc_merge_inj_hdf,,2.1,0,0,,,,,,,,,
inspiral-FULL_DATA-H1_ID3_ID0000004,None,compute,0,1716788884.0,,,1716788889.0,1716788890.0,1716788906.0,150125342.8,1716788889.0,1716789034.0,1716789021.0,1716789024.0,1832573.0,1716789034.0,1716789039.0,5.0,,0.0,145.0,5.0,16.0,1485660878.0,3.0,5730390.0,poseidon,condorpool,poseidon-worker-2-container-28-31,inspiral-FULL_DATA-H1_ID3,/usr/local/bin/pycbc_inspiral,,109.6,0,0,0.1,660742953.0,28374.0,4913.0,26.0,99.2,5.7,3146395.0,2837.4
inspiral-FULL_DATA-V1_ID5_ID0000006,None,compute,0,1716788884.0,,,1716788889.0,1716788890.0,1716788906.0,151393741.3,1716788889.0,1716789201.0,1716789189.0,1716789192.0,1584763.0,1716789201.0,1716789206.0,5.0,,0.0,312.0,5.0,16.0,1509389899.0,3.0,4943131.0,poseidon,condorpool,poseidon-worker-1-container-36-39,inspiral-FULL_DATA-V1_ID5,/usr/local/bin/pycbc_inspiral,,119.6,0,0,0.1,803121866.0,28374.0,4935.0,26.0,110.5,4.3,3491834.2,2837.4
inspiral-FULL_DATA-L1_ID4_ID0000005,hdd_10,compute,0,1716788884.0,,,1716788889.0,1716788890.0,1716788918.0,146649308.8,1716788889.0,1716789201.0,1716789189.0,1716789192.0,1700702.0,1716789201.0,1716789206.0,5.0,,0.0,312.0,5.0,28.0,1488813400.0,3.0,5321467.0,poseidon,condorpool,poseidon-worker-1-container-44-47,inspiral-FULL_DATA-L1_ID4,/usr/local/bin/pycbc_inspiral,,112.7,0,0,0.0,679690672.0,28374.0,4994.0,26.0,104.0,5.8,3089503.1,2837.4
stage_out_local_condorpool_1_0,None,transfer,0,1716788884.0,,,1716788889.0,,,0.0,1716788889.0,1716788899.0,1716788889.0,1716788893.0,104828.0,1716788899.0,1716788904.0,5.0,,0.0,10.0,5.0,,,4.0,422682.0,poseidon,local,poseidon-submit,pegasus::transfer,/mnt/poseidon-data/poseidon/pegasus-5.1.0panorama/bin/pegasus-transfer,pegasus-kickstart  -n pegasus::transfer -N null -i - -R local  -L pycbc-search -T 2024-03-27T21:26:08+00:00 pegasus-transfer  --threads 2,0.6,0,0,,,,,,,,,
register_condorpool_1_0,None,auxiliary,0,1716788904.0,,,1716788909.0,,,0.0,1716788909.0,1716788914.0,,,0.0,1716788914.0,1716788919.0,5.0,,0.0,5.0,5.0,,,,,poseidon,local,poseidon-submit,pegasus::rc-client,/mnt/poseidon-data/poseidon/pegasus-5.1.0panorama/bin/pegasus-rc-client,"pegasus-kickstart  -n pegasus::rc-client -N null -R local  -L pycbc-search -T 2024-03-27T21:26:08+00:00 /home/poseidon/pegasus-5.1.0panorama/bin/pegasus-rc-client --prefix pegasus.catalog.replica.output --conf /mnt/poseidon-data/poseidon/workflows/pycbc/search/poseidon/submit/poseidon/pegasus/pycbc-search/run0476/pegasus.5909648066408654216.properties -v --meta /mnt/poseidon-data/poseidon/workflows/pycbc/search/poseidon/submit/poseidon/pegasus/pycbc-search/run0476/00/00/inj2hdf_ID124_ID0000133.meta,/mnt/poseidon-data/poseidon/workflows/pycbc/search/poseidon/submit/poseidon/pegasus/pycbc-search/run0476/00/00/splitbank_ID1_ID0000002.meta,/mnt/poseidon-data/poseidon/workflows/pycbc/search/poseidon/submit/poseidon/pegasus/pycbc-search/run0476/00/00/plot_range_ID42_ID0000043.meta,/mnt/poseidon-data/poseidon/workflows/pycbc/search/poseidon/submit/poseidon/pegasus/pycbc-search/run0476/00/00/plot_spectrum_ID41_ID0000042.meta,/mnt/poseidon-data/poseidon/workflows/pycbc/search/poseidon/submit/poseidon/pegasus/pycbc-search/run0476/00/00/splitbank_ID1_ID0000131.meta,/mnt/poseidon-data/poseidon/workflows/pycbc/search/poseidon/submit/poseidon/pegasus/pycbc-search/run0476/00/00/plot_bank_ID2_ID0000003.meta --insert /mnt/poseidon-data/poseidon/workflows/pycbc/search/poseidon/submit/poseidon/pegasus/pycbc-search/run0476/00/00/register_condorpool_1_0.in",3.1,0,0,,,,,,,,,
hdf_trigger_merge_ID6_ID0000142,None,compute,0,1716789039.0,,,1716789045.0,1716789046.0,1716789062.0,134062956.4,1716789045.0,1716789080.0,1716789068.0,1716789071.0,503630.0,1716789080.0,1716789085.0,6.0,,0.0,35.0,5.0,16.0,1380940368.0,3.0,1446133.0,poseidon,condorpool,poseidon-worker-2-container-28-31,hdf_trigger_merge_ID6,/usr/local/bin/pycbc_coinc_mergetrigs,,0.9,0,0,,,,,,,,,
hdf_trigger_merge_ID6_ID0000007,None,compute,0,1716789039.0,,,1716789045.0,1716789046.0,1716789061.0,143138247.1,1716789045.0,1716789080.0,1716789068.0,1716789071.0,2196305.0,1716789080.0,1716789085.0,6.0,,0.0,35.0,5.0,15.0,1385644540.0,3.0,6263099.0,poseidon,condorpool,poseidon-worker-2-container-40-43,hdf_trigger_merge_ID6,/usr/local/bin/pycbc_coinc_mergetrigs,,1.3,0,0,,,,,,,,,
fit_by_template_ID9_ID0000010,None,compute,0,1716789085.0,,,1716789090.0,1716789091.0,1716789107.0,142100959.4,1716789090.0,1716789125.0,1716789114.0,1716789117.0,8453.0,1716789125.0,1716789130.0,5.0,,0.0,35.0,5.0,16.0,1386180162.0,3.0,25432.0,poseidon,condorpool,poseidon-worker-2-container-28-31,fit_by_template_ID9,/usr/local/bin/pycbc_fit_sngls_by_template,,2.4,0,0,,,,,,,,,
hdf_trigger_merge_ID6_ID0000140,None,compute,0,1716789090.0,,,1716789095.0,1716789096.0,1716789111.0,143301977.0,1716789095.0,1716789130.0,1716789118.0,1716789120.0,569323.0,1716789130.0,1716789135.0,5.0,,0.0,35.0,5.0,15.0,1381084988.0,2.0,1595653.0,poseidon,condorpool,poseidon-worker-2-container-44-47,hdf_trigger_merge_ID6,/usr/local/bin/pycbc_coinc_mergetrigs,,0.8,0,0,,,,,,,,,
fit_over_param_ID10_ID0000011,None,compute,0,1716789130.0,,,1716789135.0,1716789137.0,1716789152.0,142932286.8,1716789136.0,1716789171.0,1716789159.0,1716789162.0,10241.0,1716789171.0,1716789176.0,5.0,,1.0,35.0,5.0,15.0,1379939582.0,3.0,28880.0,poseidon,condorpool,poseidon-worker-2-container-28-31,fit_over_param_ID10,/usr/local/bin/pycbc_fit_sngls_over_multiparam,,1.8,0,0,,,,,,,,,
hdf_trigger_merge_ID6_ID0000009,None,compute,0,1716789206.0,,,1716789211.0,1716789212.0,1716789228.0,134026001.6,1716789211.0,1716789367.0,1716789355.0,1716789358.0,1755734.0,1716789367.0,1716789372.0,5.0,,0.0,156.0,5.0,16.0,1384857281.0,3.0,5435279.0,poseidon,condorpool,poseidon-worker-1-container-36-39,hdf_trigger_merge_ID6,/usr/local/bin/pycbc_coinc_mergetrigs,,1.1,0,0,,,,,,,,,
hdf_trigger_merge_ID6_ID0000141,hdd_10,compute,0,1716789206.0,,,1716789211.0,1716789212.0,1716789228.0,133284726.2,1716789211.0,1716789367.0,1716789355.0,1716789358.0,463184.0,1716789367.0,1716789372.0,5.0,,0.0,156.0,5.0,16.0,1380916834.0,3.0,1420730.0,poseidon,condorpool,poseidon-worker-1-container-44-47,hdf_trigger_merge_ID6,/usr/local/bin/pycbc_coinc_mergetrigs,,0.8,0,0,,,,,,,,,
register_condorpool_2_0,None,auxiliary,0,1716789206.0,,,1716789211.0,,,0.0,1716789211.0,1716789216.0,,,0.0,1716789216.0,1716789221.0,5.0,,0.0,5.0,5.0,,,,,poseidon,local,poseidon-submit,pegasus::rc-client,/mnt/poseidon-data/poseidon/pegasus-5.1.0panorama/bin/pegasus-rc-client,"pegasus-kickstart  -n pegasus::rc-client -N null -R local  -L pycbc-search -T 2024-03-27T21:26:08+00:00 /home/poseidon/pegasus-5.1.0panorama/bin/pegasus-rc-client --prefix pegasus.catalog.replica.output --conf /mnt/poseidon-data/poseidon/workflows/pycbc/search/poseidon/submit/poseidon/pegasus/pycbc-search/run0476/pegasus.5909648066408654216.properties -v --meta /mnt/poseidon-data/poseidon/workflows/pycbc/search/poseidon/submit/poseidon/pegasus/pycbc-search/run0476/00/00/inspiral-BBH_INJECTIONS-H1_ID128_ID0000137.meta,/mnt/poseidon-data/poseidon/workflows/pycbc/search/poseidon/submit/poseidon/pegasus/pycbc-search/run0476/00/00/optimal_snr_ID125_ID0000135.meta,/mnt/poseidon-data/poseidon/workflows/pycbc/search/poseidon/submit/poseidon/pegasus/pycbc-search/run0476/00/00/inspiral-FULL_DATA-H1_ID3_ID0000004.meta,/mnt/poseidon-data/poseidon/workflows/pycbc/search/poseidon/submit/poseidon/pegasus/pycbc-search/run0476/00/00/inspiral-FULL_DATA-L1_ID4_ID0000005.meta,/mnt/poseidon-data/poseidon/workflows/pycbc/search/poseidon/submit/poseidon/pegasus/pycbc-search/run0476/00/00/inspiral-BBH_INJECTIONS-L1_ID129_ID0000138.meta,/mnt/poseidon-data/poseidon/workflows/pycbc/search/poseidon/submit/poseidon/pegasus/pycbc-search/run0476/00/00/optimal_snr_ID125_ID0000134.meta,/mnt/poseidon-data/poseidon/workflows/pycbc/search/poseidon/submit/poseidon/pegasus/pycbc-search/run0476/00/00/inspiral-FULL_DATA-V1_ID5_ID0000006.meta,/mnt/poseidon-data/poseidon/workflows/pycbc/search/poseidon/submit/poseidon/pegasus/pycbc-search/run0476/00/00/inspiral-BBH_INJECTIONS-V1_ID130_ID0000139.meta --insert /mnt/poseidon-data/poseidon/workflows/pycbc/search/poseidon/submit/poseidon/pegasus/pycbc-search/run0476/00/00/register_condorpool_2_0.in",3.2,0,0,,,,,,,,,
hdf_trigger_merge_ID6_ID0000008,None,compute,0,1716789206.0,,,1716789211.0,1716789212.0,1716789230.0,114258065.3,1716789211.0,1716789246.0,1716789236.0,1716789239.0,1996583.0,1716789246.0,1716789251.0,5.0,,0.0,35.0,5.0,18.0,1385235617.0,3.0,5852372.0,poseidon,condorpool,poseidon-worker-2-container-28-31,hdf_trigger_merge_ID6,/usr/local/bin/pycbc_coinc_mergetrigs,,1.1,0,0,,,,,,,,,
fit_by_template_ID9_ID0000012,None,compute,0,1716789251.0,,,1716789256.0,1716789258.0,1716789274.0,134780765.8,1716789257.0,1716789292.0,1716789282.0,1716789285.0,8467.0,1716789292.0,1716789297.0,5.0,,1.0,35.0,5.0,16.0,1385769435.0,3.0,25432.0,poseidon,condorpool,poseidon-worker-2-container-28-31,fit_by_template_ID9,/usr/local/bin/pycbc_fit_sngls_by_template,,2.5,0,0,,,,,,,,,
fit_over_param_ID10_ID0000013,None,compute,0,1716789297.0,,,1716789302.0,1716789303.0,1716789318.0,141613012.8,1716789302.0,1716789337.0,1716789325.0,1716789328.0,10213.0,1716789337.0,1716789342.0,5.0,,0.0,35.0,5.0,15.0,1379939582.0,3.0,28880.0,poseidon,condorpool,poseidon-worker-2-container-28-31,fit_over_param_ID10,/usr/local/bin/pycbc_fit_sngls_over_multiparam,,1.8,0,0,,,,,,,,,
fit_by_template_ID9_ID0000014,hdd_10,compute,0,1716789372.0,,,1716789377.0,1716789408.0,1716789423.0,143307920.1,1716789407.0,1716789673.0,1716789660.0,1716789663.0,8424.0,1716789673.0,1716789678.0,5.0,,30.0,266.0,5.0,15.0,1385352342.0,3.0,25432.0,poseidon,condorpool,poseidon-worker-1-container-44-47,fit_by_template_ID9,/usr/local/bin/pycbc_fit_sngls_by_template,,2.3,0,0,,,,,,,,,
plot_throughput_ID63_ID0000064,None,compute,0,1716789372.0,,,1716789377.0,1716789378.0,1716789395.0,135828160.8,1716789378.0,1716789673.0,1716789660.0,1716789663.0,29345.0,1716789673.0,1716789678.0,5.0,,1.0,295.0,5.0,17.0,1397431710.0,3.0,88621.0,poseidon,condorpool,poseidon-worker-1-container-36-39,plot_throughput_ID63,/usr/local/bin/pycbc_plot_throughput,,3.2,0,0,,,,,,,,,
plot_gating_ID44_ID0000045,hdd_10,compute,0,1716789372.0,,,1716789377.0,1716789378.0,1716789394.0,144363093.4,1716789378.0,1716789673.0,1716789660.0,1716789663.0,3025.0,1716789673.0,1716789678.0,5.0,,1.0,295.0,5.0,16.0,1397431710.0,3.0,9128.0,poseidon,condorpool,poseidon-worker-1-container-44-47,plot_gating_ID44,/usr/local/bin/pycbc_plot_gating,,2.4,0,0,,,,,,,,,
stage_out_local_condorpool_3_0,None,transfer,0,1716789372.0,,,1716789377.0,,,0.0,1716789377.0,1716789387.0,1716789378.0,1716789382.0,5468682.0,1716789387.0,1716789393.0,5.0,,0.0,10.0,6.0,,,4.0,22081198.0,poseidon,local,poseidon-submit,pegasus::transfer,/mnt/poseidon-data/poseidon/pegasus-5.1.0panorama/bin/pegasus-transfer,pegasus-kickstart  -n pegasus::transfer -N null -i - -R local  -L pycbc-search -T 2024-03-27T21:26:08+00:00 pegasus-transfer  --threads 2,0.9,0,0,,,,,,,,,
plot_throughput_ID63_ID0000175,None,compute,0,1716789372.0,,,1716789377.0,1716789378.0,1716789394.0,143326375.8,1716789378.0,1716789413.0,1716789402.0,1716789405.0,31529.0,1716789413.0,1716789418.0,5.0,,1.0,35.0,5.0,16.0,1384343476.0,3.0,89213.0,poseidon,condorpool,poseidon-worker-2-container-28-31,plot_throughput_ID63,/usr/local/bin/pycbc_plot_throughput,,3.2,0,0,,,,,,,,,
register_condorpool_3_0,None,auxiliary,0,1716789393.0,,,1716789398.0,,,0.0,1716789398.0,1716789403.0,,,0.0,1716789403.0,1716789408.0,5.0,,0.0,5.0,5.0,,,,,poseidon,local,poseidon-submit,pegasus::rc-client,/mnt/poseidon-data/poseidon/pegasus-5.1.0panorama/bin/pegasus-rc-client,"pegasus-kickstart  -n pegasus::rc-client -N null -R local  -L pycbc-search -T 2024-03-27T21:26:08+00:00 /home/poseidon/pegasus-5.1.0panorama/bin/pegasus-rc-client --prefix pegasus.catalog.replica.output --conf /mnt/poseidon-data/poseidon/workflows/pycbc/search/poseidon/submit/poseidon/pegasus/pycbc-search/run0476/pegasus.5909648066408654216.properties -v --meta /mnt/poseidon-data/poseidon/workflows/pycbc/search/poseidon/submit/poseidon/pegasus/pycbc-search/run0476/00/00/hdf_trigger_merge_ID6_ID0000007.meta,/mnt/poseidon-data/poseidon/workflows/pycbc/search/poseidon/submit/poseidon/pegasus/pycbc-search/run0476/00/00/hdf_trigger_merge_ID6_ID0000140.meta,/mnt/poseidon-data/poseidon/workflows/pycbc/search/poseidon/submit/poseidon/pegasus/pycbc-search/run0476/00/00/optimal_snr_merge_ID127_ID0000136.meta,/mnt/poseidon-data/poseidon/workflows/pycbc/search/poseidon/submit/poseidon/pegasus/pycbc-search/run0476/00/00/hdf_trigger_merge_ID6_ID0000008.meta,/mnt/poseidon-data/poseidon/workflows/pycbc/search/poseidon/submit/poseidon/pegasus/pycbc-search/run0476/00/00/hdf_trigger_merge_ID6_ID0000009.meta,/mnt/poseidon-data/poseidon/workflows/pycbc/search/poseidon/submit/poseidon/pegasus/pycbc-search/run0476/00/00/hdf_trigger_merge_ID6_ID0000142.meta,/mnt/poseidon-data/poseidon/workflows/pycbc/search/poseidon/submit/poseidon/pegasus/pycbc-search/run0476/00/00/hdf_trigger_merge_ID6_ID0000141.meta --insert /mnt/poseidon-data/poseidon/workflows/pycbc/search/poseidon/submit/poseidon/pegasus/pycbc-search/run0476/00/00/register_condorpool_3_0.in",3.3,0,0,,,,,,,,,
stage_out_local_condorpool_4_0,None,transfer,0,1716789678.0,,,1716789683.0,,,0.0,1716789683.0,1716789693.0,1716789684.0,1716789688.0,65238.0,1716789693.0,1716789698.0,5.0,,0.0,10.0,5.0,,,4.0,263258.0,poseidon,local,poseidon-submit,pegasus::transfer,/mnt/poseidon-data/poseidon/pegasus-5.1.0panorama/bin/pegasus-transfer,pegasus-kickstart  -n pegasus::transfer -N null -i - -R local  -L pycbc-search -T 2024-03-27T21:26:08+00:00 pegasus-transfer  --threads 2,0.8,0,0,,,,,,,,,
fit_over_param_ID10_ID0000015,None,compute,0,1716789678.0,,,1716789683.0,1716789685.0,1716789700.0,135741771.8,1716789684.0,1716789718.0,1716789708.0,1716789710.0,10293.0,1716789718.0,1716789723.0,5.0,,1.0,34.0,5.0,15.0,1379939582.0,2.0,28880.0,poseidon,condorpool,poseidon-worker-2-container-28-31,fit_over_param_ID10,/usr/local/bin/pycbc_fit_sngls_over_multiparam,,1.8,0,0,,,,,,,,,
register_condorpool_4_0,None,auxiliary,0,1716789698.0,,,1716789703.0,,,0.0,1716789703.0,1716789708.0,,,0.0,1716789708.0,1716789713.0,5.0,,0.0,5.0,5.0,,,,,poseidon,local,poseidon-submit,pegasus::rc-client,/mnt/poseidon-data/poseidon/pegasus-5.1.0panorama/bin/pegasus-rc-client,"pegasus-kickstart  -n pegasus::rc-client -N null -R local  -L pycbc-search -T 2024-03-27T21:26:08+00:00 /home/poseidon/pegasus-5.1.0panorama/bin/pegasus-rc-client --prefix pegasus.catalog.replica.output --conf /mnt/poseidon-data/poseidon/workflows/pycbc/search/poseidon/submit/poseidon/pegasus/pycbc-search/run0476/pegasus.5909648066408654216.properties -v --meta /mnt/poseidon-data/poseidon/workflows/pycbc/search/poseidon/submit/poseidon/pegasus/pycbc-search/run0476/00/00/fit_by_template_ID9_ID0000014.meta,/mnt/poseidon-data/poseidon/workflows/pycbc/search/poseidon/submit/poseidon/pegasus/pycbc-search/run0476/00/00/plot_throughput_ID63_ID0000064.meta,/mnt/poseidon-data/poseidon/workflows/pycbc/search/poseidon/submit/poseidon/pegasus/pycbc-search/run0476/00/00/plot_throughput_ID63_ID0000175.meta,/mnt/poseidon-data/poseidon/workflows/pycbc/search/poseidon/submit/poseidon/pegasus/pycbc-search/run0476/00/00/plot_gating_ID44_ID0000045.meta,/mnt/poseidon-data/poseidon/workflows/pycbc/search/poseidon/submit/poseidon/pegasus/pycbc-search/run0476/00/00/fit_by_template_ID9_ID0000012.meta,/mnt/poseidon-data/poseidon/workflows/pycbc/search/poseidon/submit/poseidon/pegasus/pycbc-search/run0476/00/00/fit_by_template_ID9_ID0000010.meta --insert /mnt/poseidon-data/poseidon/workflows/pycbc/search/poseidon/submit/poseidon/pegasus/pycbc-search/run0476/00/01/register_condorpool_4_0.in",3.1,0,0,,,,,,,,,
pegasus-plan_ID0000068,None,subwf,0,1716789723.0,1716789723.0,1716789733.0,1716789738.0,,,0.0,1716789738.0,1716790269.0,,,0.0,,,0.0,10.0,0.0,531.0,,,,,,poseidon,local,poseidon-submit,condor::dagman,/usr/bin/condor_dagman,-p 0  -f -l . -Notification never -Debug 3 -Lockfile H1-SINGLES_MINIFOLLOWUP_FULL_DATA_ALL-1186740100-3400.dag.lock -Dag H1-SINGLES_MINIFOLLOWUP_FULL_DATA_ALL-1186740100-3400.dag -AllowVersionMismatch  -AutoRescue 1 -DoRescueFrom 0,0.0,0,0,,,,,,,,,
pegasus-plan_ID0000066,None,subwf,0,1716789723.0,1716789723.0,1716789733.0,1716789738.0,,,0.0,1716789738.0,1716789748.0,,,0.0,,,0.0,10.0,0.0,10.0,,,,,,poseidon,local,poseidon-submit,condor::dagman,/usr/bin/condor_dagman,-p 0  -f -l . -Notification never -Debug 3 -Lockfile H1-SINGLES_MINIFOLLOWUP_FULL_DATA_NONCOINC-1186740100-3400.dag.lock -Dag H1-SINGLES_MINIFOLLOWUP_FULL_DATA_NONCOINC-1186740100-3400.dag -AllowVersionMismatch  -AutoRescue 1 -DoRescueFrom 0,0.0,0,0,,,,,,,,,
pegasus-plan_ID0000076,None,subwf,0,1716789723.0,1716789723.0,1716789733.0,1716789738.0,,,0.0,1716789738.0,1716790389.0,,,0.0,,,0.0,10.0,0.0,651.0,,,,,,poseidon,local,poseidon-submit,condor::dagman,/usr/bin/condor_dagman,-p 0  -f -l . -Notification never -Debug 3 -Lockfile V1-SINGLES_MINIFOLLOWUP_FULL_DATA_ALL-1186740100-3400.dag.lock -Dag V1-SINGLES_MINIFOLLOWUP_FULL_DATA_ALL-1186740100-3400.dag -AllowVersionMismatch  -AutoRescue 1 -DoRescueFrom 0,0.0,0,0,,,,,,,,,
pegasus-plan_ID0000074,None,subwf,0,1716789723.0,1716789723.0,1716789733.0,1716789738.0,,,0.0,1716789738.0,1716789748.0,,,0.0,,,0.0,10.0,0.0,10.0,,,,,,poseidon,local,poseidon-submit,condor::dagman,/usr/bin/condor_dagman,-p 0  -f -l . -Notification never -Debug 3 -Lockfile V1-SINGLES_MINIFOLLOWUP_FULL_DATA_NONCOINC-1186740100-3400.dag.lock -Dag V1-SINGLES_MINIFOLLOWUP_FULL_DATA_NONCOINC-1186740100-3400.dag -AllowVersionMismatch  -AutoRescue 1 -DoRescueFrom 0,0.0,0,0,,,,,,,,,
sngls_ID23_ID0000155,None,compute,0,1716789723.0,,,1716789728.0,1716789730.0,1716789747.0,132802734.6,1716789729.0,1716790038.0,1716790029.0,1716790032.0,13091.0,1716790038.0,1716790043.0,5.0,,1.0,309.0,5.0,17.0,1390407044.0,3.0,40977.0,poseidon,condorpool,poseidon-worker-2-container-24-27,sngls_ID23,/usr/local/bin/pycbc_sngls_findtrigs,,5.8,0,0,0.0,63092635.0,28374.0,17313.0,26.0,3.9,1.0,6309263.5,2837.4
pegasus-plan_ID0000072,None,subwf,0,1716789723.0,1716789723.0,1716789733.0,1716789738.0,,,0.0,1716789738.0,1716790274.0,,,0.0,,,0.0,10.0,0.0,536.0,,,,,,poseidon,local,poseidon-submit,condor::dagman,/usr/bin/condor_dagman,-p 0  -f -l . -Notification never -Debug 3 -Lockfile L1-SINGLES_MINIFOLLOWUP_FULL_DATA_ALL-1186740100-3400.dag.lock -Dag L1-SINGLES_MINIFOLLOWUP_FULL_DATA_ALL-1186740100-3400.dag -AllowVersionMismatch  -AutoRescue 1 -DoRescueFrom 0,0.0,0,0,,,,,,,,,
sngls_ID23_ID0000153,None,compute,0,1716789723.0,,,1716789728.0,1716789730.0,1716789756.0,70291526.1,1716789729.0,1716789883.0,1716789873.0,1716789876.0,11179.0,1716789883.0,1716789888.0,5.0,,1.0,154.0,5.0,26.0,1390232121.0,3.0,34239.0,poseidon,condorpool,poseidon-worker-1-container-28-31,sngls_ID23,/usr/local/bin/pycbc_sngls_findtrigs,,5.1,0,0,0.0,84366269.0,35703.0,20243.0,32.0,4.0,0.9,8436626.9,3570.3
pegasus-plan_ID0000070,None,subwf,0,1716789723.0,1716789723.0,1716789733.0,1716789738.0,,,0.0,1716789738.0,1716789748.0,,,0.0,,,0.0,10.0,0.0,10.0,,,,,,poseidon,local,poseidon-submit,condor::dagman,/usr/bin/condor_dagman,-p 0  -f -l . -Notification never -Debug 3 -Lockfile L1-SINGLES_MINIFOLLOWUP_FULL_DATA_NONCOINC-1186740100-3400.dag.lock -Dag L1-SINGLES_MINIFOLLOWUP_FULL_DATA_NONCOINC-1186740100-3400.dag -AllowVersionMismatch  -AutoRescue 1 -DoRescueFrom 0,0.0,0,0,,,,,,,,,
sngls_ID23_ID0000151,None,compute,0,1716789723.0,,,1716789728.0,1716789730.0,1716789746.0,137671733.2,1716789729.0,1716789883.0,1716789873.0,1716789876.0,11529.0,1716789883.0,1716789888.0,5.0,,1.0,154.0,5.0,16.0,1390257524.0,3.0,35406.0,poseidon,condorpool,poseidon-worker-1-container-20-23,sngls_ID23,/usr/local/bin/pycbc_sngls_findtrigs,,5.2,0,0,0.0,83650183.0,28374.0,19765.0,26.0,4.0,0.9,8365018.3,2837.4
coinc_ID15_ID0000149,hdd_10,compute,0,1716789723.0,,,1716789728.0,1716789730.0,1716789803.0,21162138.1,1716789730.0,1716790038.0,1716790029.0,1716790032.0,17011.0,1716790038.0,1716790043.0,5.0,,2.0,308.0,5.0,73.0,1393273907.0,3.0,53580.0,poseidon,condorpool,poseidon-worker-2-container-16-19,coinc_ID15,/usr/local/bin/pycbc_coinc_findtrigs,,16.4,0,0,0.0,190797107.0,28374.0,44062.0,26.0,13.6,1.3,6359903.6,2837.4
coinc_ID15_ID0000018,None,compute,0,1716789723.0,,,1716789728.0,1716789730.0,1716789748.0,106647160.2,1716789729.0,1716790028.0,1716790016.0,1716790019.0,14793657.0,1716790028.0,1716790033.0,5.0,,1.0,299.0,5.0,18.0,1400509769.0,3.0,51835500.0,poseidon,condorpool,poseidon-worker-1-container-36-39,coinc_ID15,/usr/local/bin/pycbc_coinc_findtrigs,,36.0,0,0,0.0,193819820.0,49748960.0,35053.0,6112.0,33.0,1.6,380038.9,994979.2
sngls_ID23_ID0000028,None,compute,0,1716789723.0,,,1716789728.0,1716789730.0,1716789748.0,106726314.0,1716789729.0,1716790038.0,1716790029.0,1716790032.0,9542.0,1716790038.0,1716790043.0,5.0,,1.0,309.0,5.0,18.0,1395074490.0,3.0,29856.0,poseidon,condorpool,poseidon-worker-2-container-44-47,sngls_ID23,/usr/local/bin/pycbc_sngls_findtrigs,,5.8,0,0,0.0,87378842.0,28374.0,17137.0,26.0,3.8,1.1,8737884.2,2837.4
sngls_ID23_ID0000026,None,compute,0,1716789723.0,,,1716789728.0,1716789730.0,1716789746.0,140919493.1,1716789729.0,1716789883.0,1716789873.0,1716789876.0,10448.0,1716789883.0,1716789888.0,5.0,,1.0,154.0,5.0,16.0,1394663763.0,3.0,31904.0,poseidon,condorpool,poseidon-worker-1-container-32-35,sngls_ID23,/usr/local/bin/pycbc_sngls_findtrigs,,5.8,0,0,0.0,90012306.0,28374.0,18201.0,26.0,3.9,1.0,9001230.6,2837.4
sngls_ID23_ID0000024,None,compute,0,1716789723.0,,,1716789728.0,1716789730.0,1716789793.0,90006517.6,1716789729.0,1716790174.0,1716790029.0,1716790165.0,468.0,1716790174.0,1716790179.0,5.0,,1.0,445.0,5.0,63.0,1394246670.0,136.0,63808.0,poseidon,condorpool,poseidon-worker-2-container-36-39,sngls_ID23,/usr/local/bin/pycbc_sngls_findtrigs,,6.3,0,0,0.0,77787273.0,28374.0,16184.0,26.0,3.7,1.2,7778727.3,2837.4
coinc_ID15_ID0000020,None,compute,0,1716789723.0,,,1716789728.0,1716789730.0,1716789761.0,57356357.1,1716789729.0,1716790013.0,1716789880.0,1716789883.0,9456642.0,1716790013.0,1716790018.0,5.0,,1.0,284.0,5.0,31.0,1400926862.0,3.0,28931925.0,poseidon,condorpool,poseidon-worker-1-container-40-43,coinc_ID15,/usr/local/bin/pycbc_coinc_findtrigs,,29.2,0,0,0.0,198778776.0,18040574.0,34594.0,1464.0,24.2,1.3,903539.9,902028.7
stage_out_local_condorpool_5_0,None,transfer,0,1716789723.0,,,1716789728.0,,,0.0,1716789728.0,1716789738.0,1716789729.0,1716789733.0,21456.0,1716789738.0,1716789743.0,5.0,,0.0,10.0,5.0,,,4.0,86640.0,poseidon,local,poseidon-submit,pegasus::transfer,/mnt/poseidon-data/poseidon/pegasus-5.1.0panorama/bin/pegasus-transfer,pegasus-kickstart  -n pegasus::transfer -N null -i - -R local  -L pycbc-search -T 2024-03-27T21:26:08+00:00 pegasus-transfer  --threads 2,0.5,0,0,,,,,,,,,
coinc_ID15_ID0000022,None,compute,0,1716789723.0,,,1716789728.0,1716789730.0,1716789795.0,78027947.4,1716789729.0,1716790038.0,1716790029.0,1716790032.0,235946.0,1716790038.0,1716790043.0,5.0,,1.0,309.0,5.0,65.0,1406362141.0,3.0,742882.0,poseidon,condorpool,poseidon-worker-2-container-32-35,coinc_ID15,/usr/local/bin/pycbc_coinc_findtrigs,,37.4,0,0,0.0,273818962.0,28374.0,47743.0,26.0,33.6,1.3,3911699.5,2837.4
coinc_ID15_ID0000143,None,compute,0,1716789723.0,,,1716789728.0,1716789730.0,1716789791.0,25180529.2,1716789729.0,1716790038.0,1716790029.0,1716790032.0,18975.0,1716790038.0,1716790043.0,5.0,,1.0,309.0,5.0,61.0,1391678254.0,3.0,59552.0,poseidon,condorpool,poseidon-worker-2-container-40-43,coinc_ID15,/usr/local/bin/pycbc_coinc_findtrigs,,12.0,0,0,0.0,125734334.0,28374.0,26823.0,26.0,8.3,1.6,6286716.7,2837.4
coinc_ID15_ID0000145,hdd_10,compute,0,1716789723.0,,,1716789728.0,1716789730.0,1716789746.0,136794059.2,1716789729.0,1716789883.0,1716789873.0,1716789876.0,23685.0,1716789883.0,1716789888.0,5.0,,1.0,154.0,5.0,16.0,1391853177.0,3.0,72275.0,poseidon,condorpool,poseidon-worker-1-container-44-47,coinc_ID15,/usr/local/bin/pycbc_coinc_findtrigs,,10.6,0,0,0.0,129163082.0,28374.0,30956.0,26.0,8.7,1.2,6458154.1,2837.4
coinc_ID15_ID0000147,None,compute,0,1716789723.0,,,1716789728.0,1716789730.0,1716789791.0,24261417.4,1716789729.0,1716790038.0,1716790029.0,1716790032.0,18925.0,1716790038.0,1716790043.0,5.0,,1.0,309.0,5.0,61.0,1391827774.0,3.0,59746.0,poseidon,condorpool,poseidon-worker-2-container-28-31,coinc_ID15,/usr/local/bin/pycbc_coinc_findtrigs,,11.4,0,0,0.0,120637151.0,28374.0,28338.0,26.0,8.7,1.2,6031857.5,2837.4
coinc_ID15_ID0000016,None,compute,0,1716789723.0,,,1716789728.0,1716789730.0,1716789791.0,24965017.1,1716789729.0,1716790038.0,1716790029.0,1716790032.0,13226295.0,1716790038.0,1716790043.0,5.0,,1.0,309.0,5.0,61.0,1400099042.0,3.0,47203633.0,poseidon,condorpool,poseidon-worker-2-container-28-31,coinc_ID15,/usr/local/bin/pycbc_coinc_findtrigs,,33.5,0,0,0.0,188534009.0,37856274.0,34476.0,3245.0,28.5,1.4,3142233.5,1261875.8
noop_V1-SINGLES_MINIFOLLOWUP_FULL_DATA_NONCOINC-1186740100-3400.dax_0_pegasus-plan_ID0000074,None,compute,0,1716789738.0,,,1716789739.0,,,0.0,,1716789744.0,,,0.0,,,1.0,,,,,,,,,poseidon,local,poseidon-submit,pegasus::noop:1.0,/bin/true,,0.0,0,0,,,,,,,,,
create_dir_V1-SINGLES_MINIFOLLOWUP_FULL_DATA_ALL-1186740100-3400.dax_0_condorpool_pegasus-plan_ID0000076,None,auxiliary,0,1716789738.0,,,1716789739.0,,,0.0,1716789745.0,1716789754.0,,,0.0,1716789754.0,1716789759.0,1.0,,6.0,9.0,5.0,,,,,poseidon,local,poseidon-submit,pegasus::dirmanager,/mnt/poseidon-data/poseidon/pegasus-5.1.0panorama/bin/pegasus-transfer,pegasus-kickstart  -n pegasus::dirmanager -N null -i - -R local  -L V1-SINGLES_MINIFOLLOWUP_FULL_DATA_ALL-1186740100-3400 -T 2024-03-13T22:37:56+00:00 pegasus-transfer,0.3,0,0,,,,,,,,,
noop_H1-SINGLES_MINIFOLLOWUP_FULL_DATA_NONCOINC-1186740100-3400.dax_0_pegasus-plan_ID0000066,None,compute,0,1716789738.0,,,1716789739.0,,,0.0,,1716789744.0,,,0.0,,,1.0,,,,,,,,,poseidon,local,poseidon-submit,pegasus::noop:1.0,/bin/true,,0.0,0,0,,,,,,,,,
create_dir_H1-SINGLES_MINIFOLLOWUP_FULL_DATA_ALL-1186740100-3400.dax_0_condorpool_pegasus-plan_ID0000068,None,auxiliary,0,1716789738.0,,,1716789739.0,,,0.0,1716789745.0,1716789754.0,,,0.0,1716789754.0,1716789759.0,1.0,,6.0,9.0,5.0,,,,,poseidon,local,poseidon-submit,pegasus::dirmanager,/mnt/poseidon-data/poseidon/pegasus-5.1.0panorama/bin/pegasus-transfer,pegasus-kickstart  -n pegasus::dirmanager -N null -i - -R local  -L H1-SINGLES_MINIFOLLOWUP_FULL_DATA_ALL-1186740100-3400 -T 2024-03-13T22:37:56+00:00 pegasus-transfer,0.3,0,0,,,,,,,,,
noop_L1-SINGLES_MINIFOLLOWUP_FULL_DATA_NONCOINC-1186740100-3400.dax_0_pegasus-plan_ID0000070,None,compute,0,1716789738.0,,,1716789739.0,,,0.0,,1716789744.0,,,0.0,,,1.0,,,,,,,,,poseidon,local,poseidon-submit,pegasus::noop:1.0,/bin/true,,0.0,0,0,,,,,,,,,
create_dir_L1-SINGLES_MINIFOLLOWUP_FULL_DATA_ALL-1186740100-3400.dax_0_condorpool_pegasus-plan_ID0000072,None,auxiliary,0,1716789738.0,,,1716789739.0,,,0.0,1716789745.0,1716789754.0,,,0.0,1716789754.0,1716789759.0,1.0,,6.0,9.0,5.0,,,,,poseidon,local,poseidon-submit,pegasus::dirmanager,/mnt/poseidon-data/poseidon/pegasus-5.1.0panorama/bin/pegasus-transfer,pegasus-kickstart  -n pegasus::dirmanager -N null -i - -R local  -L L1-SINGLES_MINIFOLLOWUP_FULL_DATA_ALL-1186740100-3400 -T 2024-03-13T22:37:56+00:00 pegasus-transfer,0.3,0,0,,,,,,,,,
register_condorpool_5_0,None,auxiliary,0,1716789743.0,,,1716789748.0,,,0.0,1716789751.0,1716789753.0,,,0.0,1716789753.0,1716789758.0,5.0,,3.0,2.0,5.0,,,,,poseidon,local,poseidon-submit,pegasus::rc-client,/mnt/poseidon-data/poseidon/pegasus-5.1.0panorama/bin/pegasus-rc-client,"pegasus-kickstart  -n pegasus::rc-client -N null -R local  -L pycbc-search -T 2024-03-27T21:26:08+00:00 /home/poseidon/pegasus-5.1.0panorama/bin/pegasus-rc-client --prefix pegasus.catalog.replica.output --conf /mnt/poseidon-data/poseidon/workflows/pycbc/search/poseidon/submit/poseidon/pegasus/pycbc-search/run0476/pegasus.5909648066408654216.properties -v --meta /mnt/poseidon-data/poseidon/workflows/pycbc/search/poseidon/submit/poseidon/pegasus/pycbc-search/run0476/00/00/fit_over_param_ID10_ID0000011.meta,/mnt/poseidon-data/poseidon/workflows/pycbc/search/poseidon/submit/poseidon/pegasus/pycbc-search/run0476/00/01/fit_over_param_ID10_ID0000013.meta,/mnt/poseidon-data/poseidon/workflows/pycbc/search/poseidon/submit/poseidon/pegasus/pycbc-search/run0476/00/01/fit_over_param_ID10_ID0000015.meta --insert /mnt/poseidon-data/poseidon/workflows/pycbc/search/poseidon/submit/poseidon/pegasus/pycbc-search/run0476/00/01/register_condorpool_5_0.in",3.1,0,0,,,,,,,,,
page_snglinfo_ID0_ID0000001_pegasus-plan_ID0000068,None,compute,0,1716789759.0,,,1716789764.0,1716789792.0,1716789808.0,133825544.2,1716789791.0,1716790040.0,1716790029.0,1716790032.0,1190.0,1716790040.0,1716790045.0,5.0,,27.0,249.0,5.0,16.0,1386263889.0,3.0,3715.0,poseidon,condorpool,poseidon-worker-2-container-44-47,page_snglinfo_ID0,/usr/local/bin/pycbc_page_snglinfo,,3.1,0,0,,,,,,,,,
plot_waveform_ID5_ID0000006_pegasus-plan_ID0000068,None,compute,0,1716789759.0,,,1716789764.0,1716789792.0,1716789809.0,79391563.0,1716789791.0,1716790170.0,1716790029.0,1716790162.0,1028.0,1716790170.0,1716790175.0,5.0,,27.0,379.0,5.0,17.0,1379880960.0,133.0,137214.0,poseidon,condorpool,poseidon-worker-2-container-36-39,plot_waveform_ID5,/usr/local/bin/pycbc_plot_waveform,,4.3,0,0,,,,,,,,,
plot_trigger_timeseries_ID1_ID0000002_pegasus-plan_ID0000068,None,compute,0,1716789759.0,,,1716789764.0,1716789874.0,1716790021.0,9788682.7,1716789769.0,1716790045.0,1716790030.0,1716790032.0,10038.0,1716790045.0,1716790050.0,5.0,,5.0,276.0,5.0,147.0,1386144059.0,2.0,28015.0,poseidon,condorpool,poseidon-worker-1-container-20-23,plot_trigger_timeseries_ID1,/usr/local/bin/pycbc_plot_trigger_timeseries,,3.1,0,0,,,,,,,,,
plot_singles_timefreq_ID6_ID0000007_pegasus-plan_ID0000076,None,compute,0,1716789759.0,,,1716789765.0,1716789792.0,1716789821.0,65188283.5,1716789791.0,1716790040.0,1716790029.0,1716790032.0,126993.0,1716790040.0,1716790045.0,6.0,,26.0,249.0,5.0,29.0,1514825178.0,3.0,403987.0,poseidon,condorpool,poseidon-worker-2-container-12-15,plot_singles_timefreq_ID6,/usr/local/bin/pycbc_plot_singles_timefreq,,17.6,0,0,0.0,815210852.0,63552.0,9113.0,45.0,12.5,2.4,27173695.1,3177.6
plot_qscan_ID7_ID0000008_pegasus-plan_ID0000076,None,compute,0,1716789759.0,,,1716789764.0,1716789874.0,1716790023.0,10314665.7,1716789769.0,1716790186.0,1716790174.0,1716790177.0,87224.0,1716790186.0,1716790191.0,5.0,,5.0,417.0,5.0,149.0,1509356709.0,3.0,248893.0,poseidon,condorpool,poseidon-worker-1-container-0-3,plot_qscan_ID7,/usr/local/bin/pycbc_plot_qscan,,17.8,0,0,0.0,812341320.0,63205.0,8113.0,37.0,12.3,2.6,27078044.0,3160.2
plot_trigger_timeseries_ID1_ID0000002_pegasus-plan_ID0000076,None,compute,0,1716789759.0,,,1716789764.0,1716789874.0,1716790023.0,9624918.0,1716789769.0,1716790045.0,1716790032.0,1716790035.0,5421.0,1716790045.0,1716790050.0,5.0,,5.0,276.0,5.0,149.0,1385316239.0,3.0,14886.0,poseidon,condorpool,poseidon-worker-1-container-12-15,plot_trigger_timeseries_ID1,/usr/local/bin/pycbc_plot_trigger_timeseries,,3.2,0,0,,,,,,,,,
single_template_ID3_ID0000004_pegasus-plan_ID0000076,None,compute,0,1716789759.0,,,1716789764.0,1716789792.0,1716789815.0,88967421.9,1716789791.0,1716790181.0,1716790029.0,1716790173.0,137913.0,1716790181.0,1716790186.0,5.0,,27.0,390.0,5.0,23.0,1509360080.0,144.0,19890464.0,poseidon,condorpool,poseidon-worker-2-container-0-3,single_template_ID3,/usr/local/bin/pycbc_single_template,,31.1,0,0,0.0,803002475.0,28470.0,4652.0,27.0,24.3,5.6,13383374.6,2847.0
plot_trigger_timeseries_ID1_ID0000003_pegasus-plan_ID0000076,None,compute,0,1716789759.0,,,1716789764.0,1716789874.0,1716790015.0,140184413.3,1716789769.0,1716790035.0,1716790023.0,1716790026.0,6785.0,1716790035.0,1716790040.0,5.0,,5.0,266.0,5.0,141.0,1385316239.0,3.0,18659.0,poseidon,condorpool,poseidon-worker-1-container-28-31,plot_trigger_timeseries_ID1,/usr/local/bin/pycbc_plot_trigger_timeseries,,2.9,0,0,,,,,,,,,
page_snglinfo_ID0_ID0000001_pegasus-plan_ID0000076,None,compute,0,1716789759.0,,,1716789764.0,1716789874.0,1716790015.0,138296274.3,1716789769.0,1716790035.0,1716790024.0,1716790026.0,1357.0,1716790035.0,1716790040.0,5.0,,5.0,266.0,5.0,141.0,1385436069.0,2.0,3717.0,poseidon,condorpool,poseidon-worker-1-container-40-43,page_snglinfo_ID0,/usr/local/bin/pycbc_page_snglinfo,,3.1,0,0,,,,,,,,,
plot_waveform_ID5_ID0000006_pegasus-plan_ID0000076,None,compute,0,1716789759.0,,,1716789764.0,1716789792.0,1716789807.0,88702858.0,1716789791.0,1716790040.0,1716790029.0,1716790032.0,21992.0,1716790040.0,1716790045.0,5.0,,27.0,249.0,5.0,15.0,1379880960.0,3.0,68803.0,poseidon,condorpool,poseidon-worker-2-container-40-43,plot_waveform_ID5,/usr/local/bin/pycbc_plot_waveform,,4.1,0,0,,,,,,,,,
plot_qscan_ID7_ID0000008_pegasus-plan_ID0000068,None,compute,0,1716789759.0,,,1716789764.0,1716789874.0,1716790025.0,10041267.6,1716789769.0,1716790185.0,1716790174.0,1716790177.0,109111.0,1716790185.0,1716790190.0,5.0,,5.0,416.0,5.0,151.0,1485627688.0,3.0,312275.0,poseidon,condorpool,poseidon-worker-1-container-24-27,plot_qscan_ID7,/usr/local/bin/pycbc_plot_qscan,,16.3,0,0,0.1,669991935.0,63333.0,8125.0,40.0,12.3,2.5,22333064.5,3166.7
plot_singles_timefreq_ID6_ID0000007_pegasus-plan_ID0000068,None,compute,0,1716789759.0,,,1716789764.0,1716789792.0,1716789811.0,116997355.5,1716789791.0,1716790040.0,1716790029.0,1716790032.0,122658.0,1716790040.0,1716790045.0,5.0,,27.0,249.0,5.0,19.0,1491923977.0,3.0,389484.0,poseidon,condorpool,poseidon-worker-2-container-20-23,plot_singles_timefreq_ID6,/usr/local/bin/pycbc_plot_singles_timefreq,,16.9,0,0,0.0,673248865.0,63552.0,9109.0,45.0,12.3,2.6,22441628.8,3177.6
single_template_ID3_ID0000004_pegasus-plan_ID0000068,hdd_10,compute,0,1716789759.0,,,1716789764.0,1716789792.0,1716789887.0,150703368.4,1716789791.0,1716790180.0,1716790029.0,1716790171.0,139342.0,1716790180.0,1716790185.0,5.0,,27.0,389.0,5.0,95.0,1485631059.0,142.0,19890464.0,poseidon,condorpool,poseidon-worker-2-container-16-19,single_template_ID3,/usr/local/bin/pycbc_single_template,,27.6,0,0,0.0,660650908.0,28470.0,4691.0,27.0,20.8,4.0,13213018.2,2847.0
plot_trigger_timeseries_ID1_ID0000003_pegasus-plan_ID0000068,None,compute,0,1716789759.0,,,1716789764.0,1716789874.0,1716790015.0,121029424.5,1716789769.0,1716790035.0,1716790023.0,1716790026.0,8927.0,1716790035.0,1716790040.0,5.0,,5.0,266.0,5.0,141.0,1386144059.0,3.0,24637.0,poseidon,condorpool,poseidon-worker-1-container-36-39,plot_trigger_timeseries_ID1,/usr/local/bin/pycbc_plot_trigger_timeseries,,3.0,0,0,,,,,,,,,
plot_waveform_ID5_ID0000006_pegasus-plan_ID0000072,None,compute,0,1716789759.0,,,1716789764.0,1716789792.0,1716789801.0,152407885.0,1716789791.0,1716790040.0,1716790029.0,1716790031.0,24708.0,1716790040.0,1716790045.0,5.0,,27.0,249.0,5.0,9.0,1379880960.0,2.0,65048.0,poseidon,condorpool,poseidon-worker-2-container-28-31,plot_waveform_ID5,/usr/local/bin/pycbc_plot_waveform,,4.0,0,0,,,,,,,,,
page_snglinfo_ID0_ID0000001_pegasus-plan_ID0000072,hdd_10,compute,0,1716789759.0,,,1716789764.0,1716789874.0,1716790015.0,133339426.6,1716789874.0,1716790035.0,1716790023.0,1716790026.0,1354.0,1716790035.0,1716790040.0,5.0,,110.0,161.0,5.0,141.0,1385853162.0,3.0,3716.0,poseidon,condorpool,poseidon-worker-1-container-44-47,page_snglinfo_ID0,/usr/local/bin/pycbc_page_snglinfo,,3.0,0,0,,,,,,,,,
plot_trigger_timeseries_ID1_ID0000003_pegasus-plan_ID0000072,None,compute,0,1716789759.0,,,1716789764.0,1716789792.0,1716789808.0,132771220.2,1716789791.0,1716790040.0,1716790029.0,1716790032.0,12706.0,1716790040.0,1716790045.0,5.0,,27.0,249.0,5.0,16.0,1385733332.0,3.0,39838.0,poseidon,condorpool,poseidon-worker-2-container-32-35,plot_trigger_timeseries_ID1,/usr/local/bin/pycbc_plot_trigger_timeseries,,3.2,0,0,,,,,,,,,
single_template_ID3_ID0000004_pegasus-plan_ID0000072,None,compute,0,1716789759.0,,,1716789764.0,1716789874.0,1716790015.0,148914413.4,1716789769.0,1716790185.0,1716790174.0,1716790177.0,3361342.0,1716790185.0,1716790190.0,5.0,,5.0,416.0,5.0,141.0,1488783581.0,3.0,9945232.0,poseidon,condorpool,poseidon-worker-1-container-32-35,single_template_ID3,/usr/local/bin/pycbc_single_template,,29.1,0,0,0.0,679537284.0,28470.0,4631.0,27.0,20.9,3.9,13590745.7,2847.0
plot_trigger_timeseries_ID1_ID0000002_pegasus-plan_ID0000072,None,compute,0,1716789759.0,,,1716789764.0,1716789792.0,1716789813.0,91026410.5,1716789791.0,1716790180.0,1716790029.0,1716790173.0,534.0,1716790180.0,1716790185.0,5.0,,27.0,389.0,5.0,21.0,1385733332.0,144.0,77298.0,poseidon,condorpool,poseidon-worker-2-container-24-27,plot_trigger_timeseries_ID1,/usr/local/bin/pycbc_plot_trigger_timeseries,,3.0,0,0,,,,,,,,,
plot_qscan_ID7_ID0000008_pegasus-plan_ID0000072,None,compute,0,1716789759.0,,,1716789764.0,1716789792.0,1716789808.0,143999810.0,1716789791.0,1716790040.0,1716790029.0,1716790032.0,105681.0,1716790040.0,1716790045.0,5.0,,27.0,249.0,5.0,16.0,1488780210.0,3.0,336079.0,poseidon,condorpool,poseidon-worker-2-container-4-7,plot_qscan_ID7,/usr/local/bin/pycbc_plot_qscan,,16.8,0,0,0.1,688904245.0,63333.0,8115.0,40.0,12.6,2.2,22963474.8,3166.7
plot_singles_timefreq_ID6_ID0000007_pegasus-plan_ID0000072,None,compute,0,1716789759.0,,,1716789764.0,1716789874.0,1716790023.0,10397037.5,1716789769.0,1716790185.0,1716790174.0,1716790177.0,134854.0,1716790185.0,1716790190.0,5.0,,5.0,416.0,5.0,149.0,1494665772.0,3.0,384961.0,poseidon,condorpool,poseidon-worker-1-container-8-11,plot_singles_timefreq_ID6,/usr/local/bin/pycbc_plot_singles_timefreq,,16.7,0,0,0.1,691950551.0,63552.0,9103.0,45.0,12.6,2.2,23065018.4,3177.6
sngls_statmap_ID24_ID0000027,None,compute,0,1716789888.0,,,1716789893.0,1716790013.0,1716790030.0,127863301.0,1716790012.0,1716790184.0,1716790174.0,1716790177.0,61376.0,1716790184.0,1716790189.0,5.0,,119.0,172.0,5.0,17.0,1379912864.0,3.0,174184.0,poseidon,condorpool,poseidon-worker-1-container-40-43,sngls_statmap_ID24,/usr/local/bin/pycbc_sngls_statmap,,2.2,0,0,,,,,,,,,
statmap_ID16_ID0000021,hdd_10,compute,0,1716790018.0,,,1716790023.0,1716790024.0,1716790042.0,145652222.0,1716790023.0,1716790184.0,1716790174.0,1716790177.0,3559789.0,1716790184.0,1716790189.0,5.0,,0.0,161.0,5.0,18.0,1408812885.0,3.0,10468016.0,poseidon,condorpool,poseidon-worker-1-container-44-47,statmap_ID16,/usr/local/bin/pycbc_coinc_statmap,,8.6,0,0,0.0,51581585.0,28374.0,8164.0,26.0,3.4,1.5,5158158.5,2837.4
statmap_ID16_ID0000019,None,compute,0,1716790033.0,,,1716790038.0,1716790040.0,1716790055.0,145882568.3,1716790039.0,1716790088.0,1716790075.0,1716790078.0,3648339.0,1716790088.0,1716790093.0,5.0,,1.0,49.0,5.0,15.0,1431716460.0,3.0,10418170.0,poseidon,condorpool,poseidon-worker-2-container-32-35,statmap_ID16,/usr/local/bin/pycbc_coinc_statmap,,14.3,0,0,0.0,74489800.0,28374.0,11307.0,26.0,7.9,1.9,3724490.0,2837.4
statmap_ID16_ID0000017,None,compute,0,1716790043.0,,,1716790048.0,1716790049.0,1716790065.0,138390240.0,1716790048.0,1716790093.0,1716790084.0,1716790087.0,3402918.0,1716790093.0,1716790098.0,5.0,,0.0,45.0,5.0,16.0,1427084593.0,3.0,10392870.0,poseidon,condorpool,poseidon-worker-2-container-28-31,statmap_ID16,/usr/local/bin/pycbc_coinc_statmap,,13.0,0,0,0.0,69857934.0,28374.0,11310.0,26.0,7.9,2.0,3492896.7,2837.4
statmap_ID16_ID0000023,None,compute,0,1716790043.0,,,1716790048.0,1716790049.0,1716790064.0,141175011.1,1716790048.0,1716790083.0,1716790072.0,1716790075.0,546781.0,1716790083.0,1716790088.0,5.0,,0.0,35.0,5.0,15.0,1380623842.0,3.0,1527162.0,poseidon,condorpool,poseidon-worker-2-container-20-23,statmap_ID16,/usr/local/bin/pycbc_coinc_statmap,,2.4,0,0,,,,,,,,,
sngls_statmap_ID24_ID0000029,None,compute,0,1716790043.0,,,1716790048.0,1716790049.0,1716790064.0,143182677.9,1716790048.0,1716790083.0,1716790071.0,1716790074.0,59512.0,1716790083.0,1716790088.0,5.0,,0.0,35.0,5.0,15.0,1379910816.0,3.0,170088.0,poseidon,condorpool,poseidon-worker-2-container-4-7,sngls_statmap_ID24,/usr/local/bin/pycbc_sngls_statmap,,2.0,0,0,,,,,,,,,
register_condorpool_6_1,None,auxiliary,0,1716790043.0,,,1716790048.0,,,0.0,1716790048.0,1716790053.0,,,0.0,1716790053.0,1716790058.0,5.0,,0.0,5.0,5.0,,,,,poseidon,local,poseidon-submit,pegasus::rc-client,/mnt/poseidon-data/poseidon/pegasus-5.1.0panorama/bin/pegasus-rc-client,"pegasus-kickstart  -n pegasus::rc-client -N null -R local  -L pycbc-search -T 2024-03-27T21:26:08+00:00 /home/poseidon/pegasus-5.1.0panorama/bin/pegasus-rc-client --prefix pegasus.catalog.replica.output --conf /mnt/poseidon-data/poseidon/workflows/pycbc/search/poseidon/submit/poseidon/pegasus/pycbc-search/run0476/pegasus.5909648066408654216.properties -v --meta /mnt/poseidon-data/poseidon/workflows/pycbc/search/poseidon/submit/poseidon/pegasus/pycbc-search/run0476/00/01/sngls_ID23_ID0000151.meta,/mnt/poseidon-data/poseidon/workflows/pycbc/search/poseidon/submit/poseidon/pegasus/pycbc-search/run0476/00/01/coinc_ID15_ID0000147.meta,/mnt/poseidon-data/poseidon/workflows/pycbc/search/poseidon/submit/poseidon/pegasus/pycbc-search/run0476/00/01/coinc_ID15_ID0000020.meta,/mnt/poseidon-data/poseidon/workflows/pycbc/search/poseidon/submit/poseidon/pegasus/pycbc-search/run0476/00/01/coinc_ID15_ID0000143.meta,/mnt/poseidon-data/poseidon/workflows/pycbc/search/poseidon/submit/poseidon/pegasus/pycbc-search/run0476/00/01/coinc_ID15_ID0000018.meta,/mnt/poseidon-data/poseidon/workflows/pycbc/search/poseidon/submit/poseidon/pegasus/pycbc-search/run0476/00/01/sngls_ID23_ID0000155.meta,/mnt/poseidon-data/poseidon/workflows/pycbc/search/poseidon/submit/poseidon/pegasus/pycbc-search/run0476/00/01/sngls_ID23_ID0000026.meta --insert /mnt/poseidon-data/poseidon/workflows/pycbc/search/poseidon/submit/poseidon/pegasus/pycbc-search/run0476/00/01/register_condorpool_6_1.in",3.2,0,0,,,,,,,,,
sngls_statmap_ID24_ID0000025,hdd_10,compute,0,1716790179.0,,,1716790184.0,1716790185.0,1716790201.0,133606966.8,1716790184.0,1716790339.0,1716790328.0,1716790331.0,28552.0,1716790339.0,1716790344.0,5.0,,0.0,155.0,5.0,16.0,1379912864.0,3.0,86368.0,poseidon,condorpool,poseidon-worker-2-container-16-19,sngls_statmap_ID24,/usr/local/bin/pycbc_sngls_statmap,,2.1,0,0,,,,,,,,,
register_condorpool_6_0,None,auxiliary,0,1716790179.0,,,1716790184.0,,,0.0,1716790184.0,1716790189.0,,,0.0,1716790189.0,1716790194.0,5.0,,0.0,5.0,5.0,,,,,poseidon,local,poseidon-submit,pegasus::rc-client,/mnt/poseidon-data/poseidon/pegasus-5.1.0panorama/bin/pegasus-rc-client,"pegasus-kickstart  -n pegasus::rc-client -N null -R local  -L pycbc-search -T 2024-03-27T21:26:08+00:00 /home/poseidon/pegasus-5.1.0panorama/bin/pegasus-rc-client --prefix pegasus.catalog.replica.output --conf /mnt/poseidon-data/poseidon/workflows/pycbc/search/poseidon/submit/poseidon/pegasus/pycbc-search/run0476/pegasus.5909648066408654216.properties -v --meta /mnt/poseidon-data/poseidon/workflows/pycbc/search/poseidon/submit/poseidon/pegasus/pycbc-search/run0476/00/01/coinc_ID15_ID0000016.meta,/mnt/poseidon-data/poseidon/workflows/pycbc/search/poseidon/submit/poseidon/pegasus/pycbc-search/run0476/00/01/sngls_ID23_ID0000028.meta,/mnt/poseidon-data/poseidon/workflows/pycbc/search/poseidon/submit/poseidon/pegasus/pycbc-search/run0476/00/01/coinc_ID15_ID0000022.meta,/mnt/poseidon-data/poseidon/workflows/pycbc/search/poseidon/submit/poseidon/pegasus/pycbc-search/run0476/00/01/sngls_ID23_ID0000153.meta,/mnt/poseidon-data/poseidon/workflows/pycbc/search/poseidon/submit/poseidon/pegasus/pycbc-search/run0476/00/01/coinc_ID15_ID0000145.meta,/mnt/poseidon-data/poseidon/workflows/pycbc/search/poseidon/submit/poseidon/pegasus/pycbc-search/run0476/00/01/coinc_ID15_ID0000149.meta,/mnt/poseidon-data/poseidon/workflows/pycbc/search/poseidon/submit/poseidon/pegasus/pycbc-search/run0476/00/01/sngls_ID23_ID0000024.meta --insert /mnt/poseidon-data/poseidon/workflows/pycbc/search/poseidon/submit/poseidon/pegasus/pycbc-search/run0476/00/01/register_condorpool_6_0.in",3.2,0,0,,,,,,,,,
single_template_plot_ID4_ID0000005_pegasus-plan_ID0000068,None,compute,0,1716790185.0,,,1716790190.0,1716790191.0,1716790207.0,134969842.6,1716790191.0,1716790225.0,1716790216.0,1716790218.0,38651.0,1716790225.0,1716790230.0,5.0,,1.0,34.0,5.0,16.0,1389826192.0,2.0,110789.0,poseidon,condorpool,poseidon-worker-1-container-32-35,single_template_plot_ID4,/usr/local/bin/pycbc_single_template_plot,,2.8,0,0,,,,,,,,,
single_template_plot_ID4_ID0000005_pegasus-plan_ID0000076,None,compute,0,1716790186.0,,,1716790191.0,1716790192.0,1716790208.0,142293668.1,1716790191.0,1716790341.0,1716790328.0,1716790331.0,43830.0,1716790341.0,1716790346.0,5.0,,0.0,150.0,5.0,16.0,1389826192.0,3.0,132875.0,poseidon,condorpool,poseidon-worker-2-container-24-27,single_template_plot_ID4,/usr/local/bin/pycbc_single_template_plot,,2.8,0,0,,,,,,,,,
stage_out_local_condorpool_0_0_pegasus-plan_ID0000072,None,transfer,0,1716790190.0,,,1716790195.0,,,0.0,1716790196.0,1716790210.0,1716790196.0,1716790200.0,215304.0,1716790210.0,1716790215.0,5.0,,1.0,14.0,5.0,,,4.0,868291.0,poseidon,local,poseidon-submit,pegasus::transfer,/mnt/poseidon-data/poseidon/pegasus-5.1.0panorama/bin/pegasus-transfer,/home/poseidon/pegasus-5.1.0panorama/bin/../bin/pegasus-kickstart  -n pegasus::transfer -N null -i - -R local  -L L1-SINGLES_MINIFOLLOWUP_FULL_DATA_ALL-1186740100-3400 -T 2024-03-13T22:37:56+00:00 /home/poseidon/pegasus-5.1.0panorama/bin/../bin/pegasus-transfer  --threads 2,0.8,0,0,,,,,,,,,
single_template_plot_ID4_ID0000005_pegasus-plan_ID0000072,None,compute,0,1716790190.0,,,1716790195.0,1716790196.0,1716790212.0,136382861.0,1716790195.0,1716790230.0,1716790220.0,1716790223.0,42658.0,1716790230.0,1716790235.0,5.0,,0.0,35.0,5.0,16.0,1389826192.0,3.0,125403.0,poseidon,condorpool,poseidon-worker-1-container-24-27,single_template_plot_ID4,/usr/local/bin/pycbc_single_template_plot,,2.9,0,0,,,,,,,,,
stage_out_local_condorpool_0_0_pegasus-plan_ID0000068,None,transfer,0,1716790190.0,,,1716790195.0,,,0.0,1716790196.0,1716790210.0,1716790196.0,1716790200.0,204952.0,1716790210.0,1716790215.0,5.0,,1.0,14.0,5.0,,,4.0,826733.0,poseidon,local,poseidon-submit,pegasus::transfer,/mnt/poseidon-data/poseidon/pegasus-5.1.0panorama/bin/pegasus-transfer,/home/poseidon/pegasus-5.1.0panorama/bin/../bin/pegasus-kickstart  -n pegasus::transfer -N null -i - -R local  -L H1-SINGLES_MINIFOLLOWUP_FULL_DATA_ALL-1186740100-3400 -T 2024-03-13T22:37:56+00:00 /home/poseidon/pegasus-5.1.0panorama/bin/../bin/pegasus-transfer  --threads 2,0.8,0,0,,,,,,,,,
stage_out_local_condorpool_0_0_pegasus-plan_ID0000076,None,transfer,0,1716790191.0,,,1716790196.0,,,0.0,1716790201.0,1716790211.0,1716790201.0,1716790205.0,188149.0,1716790211.0,1716790216.0,5.0,,5.0,10.0,5.0,,,4.0,758945.0,poseidon,local,poseidon-submit,pegasus::transfer,/mnt/poseidon-data/poseidon/pegasus-5.1.0panorama/bin/pegasus-transfer,/home/poseidon/pegasus-5.1.0panorama/bin/../bin/pegasus-kickstart  -n pegasus::transfer -N null -i - -R local  -L V1-SINGLES_MINIFOLLOWUP_FULL_DATA_ALL-1186740100-3400 -T 2024-03-13T22:37:56+00:00 /home/poseidon/pegasus-5.1.0panorama/bin/../bin/pegasus-transfer  --threads 2,0.8,0,0,,,,,,,,,
register_condorpool_0_0_pegasus-plan_ID0000072,None,auxiliary,0,1716790215.0,,,1716790220.0,,,0.0,1716790220.0,1716790225.0,,,0.0,1716790225.0,1716790230.0,5.0,,0.0,5.0,5.0,,,,,poseidon,local,poseidon-submit,pegasus::rc-client,/mnt/poseidon-data/poseidon/pegasus-5.1.0panorama/bin/pegasus-rc-client,"-n pegasus::rc-client -N null -R local  -L L1-SINGLES_MINIFOLLOWUP_FULL_DATA_ALL-1186740100-3400 -T 2024-03-13T22:37:56+00:00 /home/poseidon/pegasus-5.1.0panorama/bin/pegasus-rc-client --prefix pegasus.catalog.replica.output --conf /mnt/poseidon-data/poseidon/workflows/pycbc/search/poseidon/submit/poseidon/pegasus/pycbc-search/run0476/00/01/./L1-SINGLES_MINIFOLLOWUP_FULL_DATA_ALL-1186740100-3400.dax_ID0000072.000/pegasus.10500137903036784871.properties -v --meta /mnt/poseidon-data/poseidon/workflows/pycbc/search/poseidon/submit/poseidon/pegasus/pycbc-search/run0476/00/01/./L1-SINGLES_MINIFOLLOWUP_FULL_DATA_ALL-1186740100-3400.dax_ID0000072.000/00/00/page_snglinfo_ID0_ID0000001.meta,/mnt/poseidon-data/poseidon/workflows/pycbc/search/poseidon/submit/poseidon/pegasus/pycbc-search/run0476/00/01/./L1-SINGLES_MINIFOLLOWUP_FULL_DATA_ALL-1186740100-3400.dax_ID0000072.000/00/00/plot_trigger_timeseries_ID1_ID0000003.meta,/mnt/poseidon-data/poseidon/workflows/pycbc/search/poseidon/submit/poseidon/pegasus/pycbc-search/run0476/00/01/./L1-SINGLES_MINIFOLLOWUP_FULL_DATA_ALL-1186740100-3400.dax_ID0000072.000/00/00/plot_trigger_timeseries_ID1_ID0000002.meta,/mnt/poseidon-data/poseidon/workflows/pycbc/search/poseidon/submit/poseidon/pegasus/pycbc-search/run0476/00/01/./L1-SINGLES_MINIFOLLOWUP_FULL_DATA_ALL-1186740100-3400.dax_ID0000072.000/00/00/single_template_ID3_ID0000004.meta,/mnt/poseidon-data/poseidon/workflows/pycbc/search/poseidon/submit/poseidon/pegasus/pycbc-search/run0476/00/01/./L1-SINGLES_MINIFOLLOWUP_FULL_DATA_ALL-1186740100-3400.dax_ID0000072.000/00/00/plot_qscan_ID7_ID0000008.meta,/mnt/poseidon-data/poseidon/workflows/pycbc/search/poseidon/submit/poseidon/pegasus/pycbc-search/run0476/00/01/./L1-SINGLES_MINIFOLLOWUP_FULL_DATA_ALL-1186740100-3400.dax_ID0000072.000/00/00/plot_waveform_ID5_ID0000006.meta,/mnt/poseidon-data/poseidon/workflows/pycbc/search/poseidon/submit/poseidon/pegasus/pycbc-search/run0476/00/01/./L1-SINGLES_MINIFOLLOWUP_FULL_DATA_ALL-1186740100-3400.dax_ID0000072.000/00/00/plot_singles_timefreq_ID6_ID0000007.meta --insert /mnt/poseidon-data/poseidon/workflows/pycbc/search/poseidon/submit/poseidon/pegasus/pycbc-search/run0476/00/01/./L1-SINGLES_MINIFOLLOWUP_FULL_DATA_ALL-1186740100-3400.dax_ID0000072.000/00/00/register_condorpool_0_0.in",3.2,0,0,,,,,,,,,
register_condorpool_0_0_pegasus-plan_ID0000068,None,auxiliary,0,1716790215.0,,,1716790220.0,,,0.0,1716790222.0,1716790225.0,,,0.0,1716790225.0,1716790230.0,5.0,,2.0,3.0,5.0,,,,,poseidon,local,poseidon-submit,pegasus::rc-client,/mnt/poseidon-data/poseidon/pegasus-5.1.0panorama/bin/pegasus-rc-client,"-n pegasus::rc-client -N null -R local  -L H1-SINGLES_MINIFOLLOWUP_FULL_DATA_ALL-1186740100-3400 -T 2024-03-13T22:37:56+00:00 /home/poseidon/pegasus-5.1.0panorama/bin/pegasus-rc-client --prefix pegasus.catalog.replica.output --conf /mnt/poseidon-data/poseidon/workflows/pycbc/search/poseidon/submit/poseidon/pegasus/pycbc-search/run0476/00/01/./H1-SINGLES_MINIFOLLOWUP_FULL_DATA_ALL-1186740100-3400.dax_ID0000068.000/pegasus.12693306073119471458.properties -v --meta /mnt/poseidon-data/poseidon/workflows/pycbc/search/poseidon/submit/poseidon/pegasus/pycbc-search/run0476/00/01/./H1-SINGLES_MINIFOLLOWUP_FULL_DATA_ALL-1186740100-3400.dax_ID0000068.000/00/00/plot_qscan_ID7_ID0000008.meta,/mnt/poseidon-data/poseidon/workflows/pycbc/search/poseidon/submit/poseidon/pegasus/pycbc-search/run0476/00/01/./H1-SINGLES_MINIFOLLOWUP_FULL_DATA_ALL-1186740100-3400.dax_ID0000068.000/00/00/plot_waveform_ID5_ID0000006.meta,/mnt/poseidon-data/poseidon/workflows/pycbc/search/poseidon/submit/poseidon/pegasus/pycbc-search/run0476/00/01/./H1-SINGLES_MINIFOLLOWUP_FULL_DATA_ALL-1186740100-3400.dax_ID0000068.000/00/00/plot_singles_timefreq_ID6_ID0000007.meta,/mnt/poseidon-data/poseidon/workflows/pycbc/search/poseidon/submit/poseidon/pegasus/pycbc-search/run0476/00/01/./H1-SINGLES_MINIFOLLOWUP_FULL_DATA_ALL-1186740100-3400.dax_ID0000068.000/00/00/plot_trigger_timeseries_ID1_ID0000003.meta,/mnt/poseidon-data/poseidon/workflows/pycbc/search/poseidon/submit/poseidon/pegasus/pycbc-search/run0476/00/01/./H1-SINGLES_MINIFOLLOWUP_FULL_DATA_ALL-1186740100-3400.dax_ID0000068.000/00/00/page_snglinfo_ID0_ID0000001.meta,/mnt/poseidon-data/poseidon/workflows/pycbc/search/poseidon/submit/poseidon/pegasus/pycbc-search/run0476/00/01/./H1-SINGLES_MINIFOLLOWUP_FULL_DATA_ALL-1186740100-3400.dax_ID0000068.000/00/00/single_template_ID3_ID0000004.meta,/mnt/poseidon-data/poseidon/workflows/pycbc/search/poseidon/submit/poseidon/pegasus/pycbc-search/run0476/00/01/./H1-SINGLES_MINIFOLLOWUP_FULL_DATA_ALL-1186740100-3400.dax_ID0000068.000/00/00/plot_trigger_timeseries_ID1_ID0000002.meta --insert /mnt/poseidon-data/poseidon/workflows/pycbc/search/poseidon/submit/poseidon/pegasus/pycbc-search/run0476/00/01/./H1-SINGLES_MINIFOLLOWUP_FULL_DATA_ALL-1186740100-3400.dax_ID0000068.000/00/00/register_condorpool_0_0.in",3.2,0,0,,,,,,,,,
register_condorpool_0_0_pegasus-plan_ID0000076,None,auxiliary,1,1716790216.0,,,1716790236.0,,,0.0,1716790240.0,1716790246.0,,,0.0,1716790246.0,1716790251.0,20.0,,4.0,6.0,5.0,,,,,poseidon,local,poseidon-submit,pegasus::rc-client;pegasus::rc-client,/mnt/poseidon-data/poseidon/pegasus-5.1.0panorama/bin/pegasus-rc-client;/mnt/poseidon-data/poseidon/pegasus-5.1.0panorama/bin/pegasus-rc-client,"-n pegasus::rc-client -N null -R local  -L V1-SINGLES_MINIFOLLOWUP_FULL_DATA_ALL-1186740100-3400 -T 2024-03-13T22:37:56+00:00 /home/poseidon/pegasus-5.1.0panorama/bin/pegasus-rc-client --prefix pegasus.catalog.replica.output --conf /mnt/poseidon-data/poseidon/workflows/pycbc/search/poseidon/submit/poseidon/pegasus/pycbc-search/run0476/00/01/./V1-SINGLES_MINIFOLLOWUP_FULL_DATA_ALL-1186740100-3400.dax_ID0000076.000/pegasus.4596871572705434645.properties -v --meta /mnt/poseidon-data/poseidon/workflows/pycbc/search/poseidon/submit/poseidon/pegasus/pycbc-search/run0476/00/01/./V1-SINGLES_MINIFOLLOWUP_FULL_DATA_ALL-1186740100-3400.dax_ID0000076.000/00/00/plot_trigger_timeseries_ID1_ID0000003.meta,/mnt/poseidon-data/poseidon/workflows/pycbc/search/poseidon/submit/poseidon/pegasus/pycbc-search/run0476/00/01/./V1-SINGLES_MINIFOLLOWUP_FULL_DATA_ALL-1186740100-3400.dax_ID0000076.000/00/00/single_template_ID3_ID0000004.meta,/mnt/poseidon-data/poseidon/workflows/pycbc/search/poseidon/submit/poseidon/pegasus/pycbc-search/run0476/00/01/./V1-SINGLES_MINIFOLLOWUP_FULL_DATA_ALL-1186740100-3400.dax_ID0000076.000/00/00/plot_qscan_ID7_ID0000008.meta,/mnt/poseidon-data/poseidon/workflows/pycbc/search/poseidon/submit/poseidon/pegasus/pycbc-search/run0476/00/01/./V1-SINGLES_MINIFOLLOWUP_FULL_DATA_ALL-1186740100-3400.dax_ID0000076.000/00/00/plot_trigger_timeseries_ID1_ID0000002.meta,/mnt/poseidon-data/poseidon/workflows/pycbc/search/poseidon/submit/poseidon/pegasus/pycbc-search/run0476/00/01/./V1-SINGLES_MINIFOLLOWUP_FULL_DATA_ALL-1186740100-3400.dax_ID0000076.000/00/00/plot_singles_timefreq_ID6_ID0000007.meta,/mnt/poseidon-data/poseidon/workflows/pycbc/search/poseidon/submit/poseidon/pegasus/pycbc-search/run0476/00/01/./V1-SINGLES_MINIFOLLOWUP_FULL_DATA_ALL-1186740100-3400.dax_ID0000076.000/00/00/page_snglinfo_ID0_ID0000001.meta,/mnt/poseidon-data/poseidon/workflows/pycbc/search/poseidon/submit/poseidon/pegasus/pycbc-search/run0476/00/01/./V1-SINGLES_MINIFOLLOWUP_FULL_DATA_ALL-1186740100-3400.dax_ID0000076.000/00/00/plot_waveform_ID5_ID0000006.meta --insert /mnt/poseidon-data/poseidon/workflows/pycbc/search/poseidon/submit/poseidon/pegasus/pycbc-search/run0476/00/01/./V1-SINGLES_MINIFOLLOWUP_FULL_DATA_ALL-1186740100-3400.dax_ID0000076.000/00/00/register_condorpool_0_0.in;-n pegasus::rc-client -N null -R local  -L V1-SINGLES_MINIFOLLOWUP_FULL_DATA_ALL-1186740100-3400 -T 2024-03-13T22:37:56+00:00 /home/poseidon/pegasus-5.1.0panorama/bin/pegasus-rc-client --prefix pegasus.catalog.replica.output --conf /mnt/poseidon-data/poseidon/workflows/pycbc/search/poseidon/submit/poseidon/pegasus/pycbc-search/run0476/00/01/./V1-SINGLES_MINIFOLLOWUP_FULL_DATA_ALL-1186740100-3400.dax_ID0000076.000/pegasus.4596871572705434645.properties -v --meta /mnt/poseidon-data/poseidon/workflows/pycbc/search/poseidon/submit/poseidon/pegasus/pycbc-search/run0476/00/01/./V1-SINGLES_MINIFOLLOWUP_FULL_DATA_ALL-1186740100-3400.dax_ID0000076.000/00/00/plot_trigger_timeseries_ID1_ID0000003.meta,/mnt/poseidon-data/poseidon/workflows/pycbc/search/poseidon/submit/poseidon/pegasus/pycbc-search/run0476/00/01/./V1-SINGLES_MINIFOLLOWUP_FULL_DATA_ALL-1186740100-3400.dax_ID0000076.000/00/00/single_template_ID3_ID0000004.meta,/mnt/poseidon-data/poseidon/workflows/pycbc/search/poseidon/submit/poseidon/pegasus/pycbc-search/run0476/00/01/./V1-SINGLES_MINIFOLLOWUP_FULL_DATA_ALL-1186740100-3400.dax_ID0000076.000/00/00/plot_qscan_ID7_ID0000008.meta,/mnt/poseidon-data/poseidon/workflows/pycbc/search/poseidon/submit/poseidon/pegasus/pycbc-search/run0476/00/01/./V1-SINGLES_MINIFOLLOWUP_FULL_DATA_ALL-1186740100-3400.dax_ID0000076.000/00/00/plot_trigger_timeseries_ID1_ID0000002.meta,/mnt/poseidon-data/poseidon/workflows/pycbc/search/poseidon/submit/poseidon/pegasus/pycbc-search/run0476/00/01/./V1-SINGLES_MINIFOLLOWUP_FULL_DATA_ALL-1186740100-3400.dax_ID0000076.000/00/00/plot_singles_timefreq_ID6_ID0000007.meta,/mnt/poseidon-data/poseidon/workflows/pycbc/search/poseidon/submit/poseidon/pegasus/pycbc-search/run0476/00/01/./V1-SINGLES_MINIFOLLOWUP_FULL_DATA_ALL-1186740100-3400.dax_ID0000076.000/00/00/page_snglinfo_ID0_ID0000001.meta,/mnt/poseidon-data/poseidon/workflows/pycbc/search/poseidon/submit/poseidon/pegasus/pycbc-search/run0476/00/01/./V1-SINGLES_MINIFOLLOWUP_FULL_DATA_ALL-1186740100-3400.dax_ID0000076.000/00/00/plot_waveform_ID5_ID0000006.meta --insert /mnt/poseidon-data/poseidon/workflows/pycbc/search/poseidon/submit/poseidon/pegasus/pycbc-search/run0476/00/01/./V1-SINGLES_MINIFOLLOWUP_FULL_DATA_ALL-1186740100-3400.dax_ID0000076.000/00/00/register_condorpool_0_0.in",6.4,-1,256,,,,,,,,,
stage_out_local_condorpool_1_0_pegasus-plan_ID0000068,None,transfer,0,1716790230.0,,,1716790235.0,,,0.0,1716790235.0,1716790245.0,1716790235.0,1716790237.0,52167.0,1716790245.0,1716790250.0,5.0,,0.0,10.0,5.0,,,2.0,110789.0,poseidon,local,poseidon-submit,pegasus::transfer,/mnt/poseidon-data/poseidon/pegasus-5.1.0panorama/bin/pegasus-transfer,/home/poseidon/pegasus-5.1.0panorama/bin/../bin/pegasus-kickstart  -n pegasus::transfer -N null -i - -R local  -L H1-SINGLES_MINIFOLLOWUP_FULL_DATA_ALL-1186740100-3400 -T 2024-03-13T22:37:56+00:00 /home/poseidon/pegasus-5.1.0panorama/bin/../bin/pegasus-transfer  --threads 2,0.3,0,0,,,,,,,,,
stage_out_local_condorpool_1_0_pegasus-plan_ID0000072,None,transfer,0,1716790235.0,,,1716790240.0,,,0.0,1716790242.0,1716790250.0,1716790242.0,1716790245.0,58932.0,1716790250.0,1716790255.0,5.0,,2.0,8.0,5.0,,,3.0,125403.0,poseidon,local,poseidon-submit,pegasus::transfer,/mnt/poseidon-data/poseidon/pegasus-5.1.0panorama/bin/pegasus-transfer,/home/poseidon/pegasus-5.1.0panorama/bin/../bin/pegasus-kickstart  -n pegasus::transfer -N null -i - -R local  -L L1-SINGLES_MINIFOLLOWUP_FULL_DATA_ALL-1186740100-3400 -T 2024-03-13T22:37:56+00:00 /home/poseidon/pegasus-5.1.0panorama/bin/../bin/pegasus-transfer  --threads 2,0.4,0,0,,,,,,,,,
register_condorpool_1_0_pegasus-plan_ID0000068,None,auxiliary,0,1716790250.0,,,1716790255.0,,,0.0,1716790255.0,1716790260.0,,,0.0,1716790260.0,1716790265.0,5.0,,0.0,5.0,5.0,,,,,poseidon,local,poseidon-submit,pegasus::rc-client,/mnt/poseidon-data/poseidon/pegasus-5.1.0panorama/bin/pegasus-rc-client,-n pegasus::rc-client -N null -R local  -L H1-SINGLES_MINIFOLLOWUP_FULL_DATA_ALL-1186740100-3400 -T 2024-03-13T22:37:56+00:00 /home/poseidon/pegasus-5.1.0panorama/bin/pegasus-rc-client --prefix pegasus.catalog.replica.output --conf /mnt/poseidon-data/poseidon/workflows/pycbc/search/poseidon/submit/poseidon/pegasus/pycbc-search/run0476/00/01/./H1-SINGLES_MINIFOLLOWUP_FULL_DATA_ALL-1186740100-3400.dax_ID0000068.000/pegasus.12693306073119471458.properties -v --meta /mnt/poseidon-data/poseidon/workflows/pycbc/search/poseidon/submit/poseidon/pegasus/pycbc-search/run0476/00/01/./H1-SINGLES_MINIFOLLOWUP_FULL_DATA_ALL-1186740100-3400.dax_ID0000068.000/00/00/single_template_plot_ID4_ID0000005.meta --insert /mnt/poseidon-data/poseidon/workflows/pycbc/search/poseidon/submit/poseidon/pegasus/pycbc-search/run0476/00/01/./H1-SINGLES_MINIFOLLOWUP_FULL_DATA_ALL-1186740100-3400.dax_ID0000068.000/00/00/register_condorpool_1_0.in,3.2,0,0,,,,,,,,,
register_condorpool_1_0_pegasus-plan_ID0000072,None,auxiliary,0,1716790255.0,,,1716790260.0,,,0.0,1716790260.0,1716790265.0,,,0.0,1716790265.0,1716790270.0,5.0,,0.0,5.0,5.0,,,,,poseidon,local,poseidon-submit,pegasus::rc-client,/mnt/poseidon-data/poseidon/pegasus-5.1.0panorama/bin/pegasus-rc-client,-n pegasus::rc-client -N null -R local  -L L1-SINGLES_MINIFOLLOWUP_FULL_DATA_ALL-1186740100-3400 -T 2024-03-13T22:37:56+00:00 /home/poseidon/pegasus-5.1.0panorama/bin/pegasus-rc-client --prefix pegasus.catalog.replica.output --conf /mnt/poseidon-data/poseidon/workflows/pycbc/search/poseidon/submit/poseidon/pegasus/pycbc-search/run0476/00/01/./L1-SINGLES_MINIFOLLOWUP_FULL_DATA_ALL-1186740100-3400.dax_ID0000072.000/pegasus.10500137903036784871.properties -v --meta /mnt/poseidon-data/poseidon/workflows/pycbc/search/poseidon/submit/poseidon/pegasus/pycbc-search/run0476/00/01/./L1-SINGLES_MINIFOLLOWUP_FULL_DATA_ALL-1186740100-3400.dax_ID0000072.000/00/00/single_template_plot_ID4_ID0000005.meta --insert /mnt/poseidon-data/poseidon/workflows/pycbc/search/poseidon/submit/poseidon/pegasus/pycbc-search/run0476/00/01/./L1-SINGLES_MINIFOLLOWUP_FULL_DATA_ALL-1186740100-3400.dax_ID0000072.000/00/00/register_condorpool_1_0.in,3.2,0,0,,,,,,,,,
exclude_zerolag_ID29_ID0000036,None,compute,0,1716790344.0,,,1716790349.0,1716790350.0,1716790366.0,142954668.4,1716790349.0,1716790650.0,1716790639.0,1716790642.0,21514.0,1716790650.0,1716790655.0,5.0,,0.0,301.0,5.0,16.0,1413117818.0,3.0,66440.0,poseidon,condorpool,poseidon-worker-2-container-40-43,exclude_zerolag_ID29,/usr/local/bin/pycbc_exclude_zerolag,,2.2,0,0,,,,,,,,,
exclude_zerolag_ID29_ID0000035,None,compute,0,1716790344.0,,,1716790349.0,1716790350.0,1716790367.0,124783775.6,1716790349.0,1716790650.0,1716790639.0,1716790642.0,22735.0,1716790650.0,1716790655.0,5.0,,0.0,301.0,5.0,17.0,1413117818.0,3.0,71040.0,poseidon,condorpool,poseidon-worker-2-container-28-31,exclude_zerolag_ID29,/usr/local/bin/pycbc_exclude_zerolag,,2.2,0,0,,,,,,,,,
exclude_zerolag_ID29_ID0000032,hdd_10,compute,0,1716790344.0,,,1716790349.0,1716790350.0,1716790367.0,124376176.9,1716790349.0,1716790509.0,1716790498.0,1716790502.0,8891553.0,1716790509.0,1716790514.0,5.0,,0.0,160.0,5.0,17.0,1413117818.0,4.0,29424360.0,poseidon,condorpool,poseidon-worker-1-container-44-47,exclude_zerolag_ID29,/usr/local/bin/pycbc_exclude_zerolag,,2.1,0,0,,,,,,,,,
exclude_zerolag_ID29_ID0000031,None,compute,0,1716790344.0,,,1716790349.0,1716790350.0,1716790366.0,145380092.1,1716790349.0,1716790650.0,1716790639.0,1716790643.0,8696514.0,1716790650.0,1716790655.0,5.0,,0.0,301.0,5.0,16.0,1413117818.0,4.0,29667536.0,poseidon,condorpool,poseidon-worker-2-container-24-27,exclude_zerolag_ID29,/usr/local/bin/pycbc_exclude_zerolag,,2.2,0,0,,,,,,,,,
exclude_zerolag_ID29_ID0000034,hdd_10,compute,0,1716790344.0,,,1716790349.0,1716790350.0,1716790370.0,141273961.3,1716790349.0,1716790650.0,1716790639.0,1716790642.0,10898.0,1716790650.0,1716790655.0,5.0,,0.0,301.0,5.0,20.0,1413117818.0,3.0,33704.0,poseidon,condorpool,poseidon-worker-2-container-16-19,exclude_zerolag_ID29,/usr/local/bin/pycbc_exclude_zerolag,,2.1,0,0,,,,,,,,,
stage_out_local_condorpool_7_0,None,transfer,0,1716790344.0,,,1716790349.0,,,0.0,1716790349.0,1716790359.0,1716790349.0,1716790353.0,8235420.0,1716790359.0,1716790364.0,5.0,,0.0,10.0,5.0,,,4.0,33236858.0,poseidon,local,poseidon-submit,pegasus::transfer,/mnt/poseidon-data/poseidon/pegasus-5.1.0panorama/bin/pegasus-transfer,pegasus-kickstart  -n pegasus::transfer -N null -i - -R local  -L pycbc-search -T 2024-03-27T21:26:08+00:00 pegasus-transfer  --threads 2,1.0,0,0,,,,,,,,,
exclude_zerolag_ID29_ID0000033,None,compute,0,1716790344.0,,,1716790349.0,1716790350.0,1716790366.0,144058435.7,1716790349.0,1716790650.0,1716790639.0,1716790642.0,1182079.0,1716790650.0,1716790655.0,5.0,,0.0,301.0,5.0,16.0,1413117818.0,3.0,3819536.0,poseidon,condorpool,poseidon-worker-2-container-24-27,exclude_zerolag_ID29,/usr/local/bin/pycbc_exclude_zerolag,,2.0,0,0,,,,,,,,,
exclude_zerolag_ID29_ID0000030,hdd_10,compute,0,1716790344.0,,,1716790349.0,1716790350.0,1716790370.0,143426130.2,1716790349.0,1716790650.0,1716790639.0,1716790643.0,8715398.0,1716790650.0,1716790655.0,5.0,,0.0,301.0,5.0,20.0,1413117818.0,4.0,29653544.0,poseidon,condorpool,poseidon-worker-2-container-16-19,exclude_zerolag_ID29,/usr/local/bin/pycbc_exclude_zerolag,,2.1,0,0,,,,,,,,,
stage_out_local_condorpool_1_0_pegasus-plan_ID0000076,None,transfer,0,1716790346.0,,,1716790351.0,,,0.0,1716790354.0,1716790366.0,1716790354.0,1716790356.0,62503.0,1716790366.0,1716790371.0,5.0,,3.0,12.0,5.0,,,2.0,132875.0,poseidon,local,poseidon-submit,pegasus::transfer,/mnt/poseidon-data/poseidon/pegasus-5.1.0panorama/bin/pegasus-transfer,/home/poseidon/pegasus-5.1.0panorama/bin/../bin/pegasus-kickstart  -n pegasus::transfer -N null -i - -R local  -L V1-SINGLES_MINIFOLLOWUP_FULL_DATA_ALL-1186740100-3400 -T 2024-03-13T22:37:56+00:00 /home/poseidon/pegasus-5.1.0panorama/bin/../bin/pegasus-transfer  --threads 2,0.4,0,0,,,,,,,,,
register_condorpool_7_0,None,auxiliary,0,1716790364.0,,,1716790369.0,,,0.0,1716790369.0,1716790374.0,,,0.0,1716790374.0,1716790379.0,5.0,,0.0,5.0,5.0,,,,,poseidon,local,poseidon-submit,pegasus::rc-client,/mnt/poseidon-data/poseidon/pegasus-5.1.0panorama/bin/pegasus-rc-client,"pegasus-kickstart  -n pegasus::rc-client -N null -R local  -L pycbc-search -T 2024-03-27T21:26:08+00:00 /home/poseidon/pegasus-5.1.0panorama/bin/pegasus-rc-client --prefix pegasus.catalog.replica.output --conf /mnt/poseidon-data/poseidon/workflows/pycbc/search/poseidon/submit/poseidon/pegasus/pycbc-search/run0476/pegasus.5909648066408654216.properties -v --meta /mnt/poseidon-data/poseidon/workflows/pycbc/search/poseidon/submit/poseidon/pegasus/pycbc-search/run0476/00/01/statmap_ID16_ID0000017.meta,/mnt/poseidon-data/poseidon/workflows/pycbc/search/poseidon/submit/poseidon/pegasus/pycbc-search/run0476/00/01/sngls_statmap_ID24_ID0000027.meta,/mnt/poseidon-data/poseidon/workflows/pycbc/search/poseidon/submit/poseidon/pegasus/pycbc-search/run0476/00/01/statmap_ID16_ID0000023.meta,/mnt/poseidon-data/poseidon/workflows/pycbc/search/poseidon/submit/poseidon/pegasus/pycbc-search/run0476/00/01/statmap_ID16_ID0000021.meta,/mnt/poseidon-data/poseidon/workflows/pycbc/search/poseidon/submit/poseidon/pegasus/pycbc-search/run0476/00/01/sngls_statmap_ID24_ID0000029.meta,/mnt/poseidon-data/poseidon/workflows/pycbc/search/poseidon/submit/poseidon/pegasus/pycbc-search/run0476/00/01/sngls_statmap_ID24_ID0000025.meta,/mnt/poseidon-data/poseidon/workflows/pycbc/search/poseidon/submit/poseidon/pegasus/pycbc-search/run0476/00/01/statmap_ID16_ID0000019.meta --insert /mnt/poseidon-data/poseidon/workflows/pycbc/search/poseidon/submit/poseidon/pegasus/pycbc-search/run0476/00/01/register_condorpool_7_0.in",3.2,0,0,,,,,,,,,
register_condorpool_1_0_pegasus-plan_ID0000076,None,auxiliary,0,1716790371.0,,,1716790376.0,,,0.0,1716790376.0,1716790381.0,,,0.0,1716790381.0,1716790386.0,5.0,,0.0,5.0,5.0,,,,,poseidon,local,poseidon-submit,pegasus::rc-client,/mnt/poseidon-data/poseidon/pegasus-5.1.0panorama/bin/pegasus-rc-client,-n pegasus::rc-client -N null -R local  -L V1-SINGLES_MINIFOLLOWUP_FULL_DATA_ALL-1186740100-3400 -T 2024-03-13T22:37:56+00:00 /home/poseidon/pegasus-5.1.0panorama/bin/pegasus-rc-client --prefix pegasus.catalog.replica.output --conf /mnt/poseidon-data/poseidon/workflows/pycbc/search/poseidon/submit/poseidon/pegasus/pycbc-search/run0476/00/01/./V1-SINGLES_MINIFOLLOWUP_FULL_DATA_ALL-1186740100-3400.dax_ID0000076.000/pegasus.4596871572705434645.properties -v --meta /mnt/poseidon-data/poseidon/workflows/pycbc/search/poseidon/submit/poseidon/pegasus/pycbc-search/run0476/00/01/./V1-SINGLES_MINIFOLLOWUP_FULL_DATA_ALL-1186740100-3400.dax_ID0000076.000/00/00/single_template_plot_ID4_ID0000005.meta --insert /mnt/poseidon-data/poseidon/workflows/pycbc/search/poseidon/submit/poseidon/pegasus/pycbc-search/run0476/00/01/./V1-SINGLES_MINIFOLLOWUP_FULL_DATA_ALL-1186740100-3400.dax_ID0000076.000/00/00/register_condorpool_1_0.in,3.1,0,0,,,,,,,,,
page_ifar_ID80_ID0000104,None,compute,0,1716790514.0,,,1716790519.0,1716790639.0,1716790790.0,144462044.3,1716790530.0,1716790945.0,1716790935.0,1716790939.0,19744.0,1716790945.0,1716790950.0,5.0,,11.0,415.0,5.0,151.0,1409305320.0,4.0,68081.0,poseidon,condorpool,poseidon-worker-2-container-40-43,page_ifar_ID80,/usr/local/bin/pycbc_page_ifar,,4.6,0,0,,,,,,,,,
plot_snrratehist_ID78_ID0000101,None,compute,0,1716790514.0,,,1716790519.0,1716790639.0,1716790790.0,136390047.0,1716790530.0,1716790945.0,1716790935.0,1716790939.0,10278.0,1716790945.0,1716790950.0,5.0,,11.0,415.0,5.0,151.0,1409305320.0,4.0,35246.0,poseidon,condorpool,poseidon-worker-2-container-32-35,plot_snrratehist_ID78,/usr/local/bin/pycbc_page_snrratehist,,3.6,0,0,,,,,,,,,
plot_snrifar_ID76_ID0000099,hdd_10,compute,0,1716790514.0,,,1716790519.0,1716790640.0,1716790790.0,139016745.7,1716790639.0,1716790945.0,1716790935.0,1716790939.0,9410.0,1716790945.0,1716790950.0,5.0,,120.0,306.0,5.0,150.0,1409305320.0,4.0,31976.0,poseidon,condorpool,poseidon-worker-2-container-16-19,plot_snrifar_ID76,/usr/local/bin/pycbc_page_snrifar,,3.9,0,0,,,,,,,,,
plot_snrifar_ID76_ID0000102,hdd_10,compute,0,1716790514.0,,,1716790519.0,1716790521.0,1716790537.0,136828438.8,1716790520.0,1716790820.0,1716790807.0,1716790810.0,12432.0,1716790820.0,1716790825.0,5.0,,1.0,300.0,5.0,16.0,1409305320.0,3.0,37944.0,poseidon,condorpool,poseidon-worker-1-container-44-47,plot_snrifar_ID76,/usr/local/bin/pycbc_page_snrifar,,2.9,0,0,,,,,,,,,
page_ifar_ID80_ID0000103,None,compute,0,1716790514.0,,,1716790519.0,1716790639.0,1716790790.0,142203501.1,1716790530.0,1716790945.0,1716790935.0,1716790939.0,16999.0,1716790945.0,1716790950.0,5.0,,11.0,415.0,5.0,151.0,1409305320.0,4.0,57690.0,poseidon,condorpool,poseidon-worker-2-container-28-31,page_ifar_ID80,/usr/local/bin/pycbc_page_ifar,,3.8,0,0,,,,,,,,,
plot_snrifar_ID76_ID0000100,hdd_10,compute,0,1716790514.0,,,1716790519.0,1716790562.0,1716790577.0,141895073.0,1716790561.0,1716790820.0,1716790807.0,1716790810.0,7398.0,1716790820.0,1716790825.0,5.0,,42.0,259.0,5.0,15.0,1409305320.0,3.0,22348.0,poseidon,condorpool,poseidon-worker-1-container-44-47,plot_snrifar_ID76,/usr/local/bin/pycbc_page_snrifar,,2.7,0,0,,,,,,,,,
statmap_inj_ID135_ID0000148,None,compute,0,1716790514.0,,,1716790519.0,1716790531.0,1716790546.0,145599179.7,1716790530.0,1716790820.0,1716790807.0,1716790810.0,6777.0,1716790820.0,1716790825.0,5.0,,11.0,290.0,5.0,15.0,1409365066.0,3.0,20648.0,poseidon,condorpool,poseidon-worker-1-container-40-43,statmap_inj_ID135,/usr/local/bin/pycbc_coinc_statmap_inj,,1.9,0,0,,,,,,,,,
page_foreground_ID71_ID0000105,None,compute,0,1716790514.0,,,1716790519.0,1716790639.0,1716790790.0,144046209.8,1716790530.0,1716790855.0,1716790842.0,1716790845.0,16009.0,1716790855.0,1716790860.0,5.0,,11.0,325.0,5.0,151.0,1426889260.0,3.0,46035.0,poseidon,condorpool,poseidon-worker-2-container-24-27,page_foreground_ID71,/usr/local/bin/pycbc_page_foreground,,3.4,0,0,,,,,,,,,
plot_snrratehist_ID78_ID0000108,None,compute,0,1716790655.0,,,1716790660.0,1716790808.0,1716790837.0,60983412.4,1716790671.0,1716790965.0,1716790952.0,1716790955.0,12573.0,1716790965.0,1716790970.0,5.0,,11.0,294.0,5.0,29.0,1383700496.0,3.0,35648.0,poseidon,condorpool,poseidon-worker-1-container-0-3,plot_snrratehist_ID78,/usr/local/bin/pycbc_page_snrratehist,,3.0,0,0,,,,,,,,,
page_foreground_ID71_ID0000118,None,compute,0,1716790655.0,,,1716790660.0,1716790788.0,1716790814.0,68317935.9,1716790786.0,1716790945.0,1716790935.0,1716790939.0,5223.0,1716790945.0,1716790950.0,5.0,,126.0,159.0,5.0,26.0,1397498604.0,4.0,17895.0,poseidon,condorpool,poseidon-worker-2-container-12-15,page_foreground_ID71,/usr/local/bin/pycbc_page_foreground,,3.0,0,0,,,,,,,,,
plot_snrifar_ID76_ID0000113,None,compute,0,1716790655.0,,,1716790660.0,1716790788.0,1716790811.0,79806305.7,1716790786.0,1716790945.0,1716790935.0,1716790939.0,8642.0,1716790945.0,1716790950.0,5.0,,126.0,159.0,5.0,23.0,1379914664.0,4.0,29660.0,poseidon,condorpool,poseidon-worker-2-container-8-11,plot_snrifar_ID76,/usr/local/bin/pycbc_page_snrifar,,2.9,0,0,,,,,,,,,
plot_snrifar_ID76_ID0000116,None,compute,0,1716790655.0,,,1716790660.0,1716790808.0,1716790953.0,9934358.8,1716790671.0,1716790975.0,1716790962.0,1716790965.0,11214.0,1716790975.0,1716790980.0,5.0,,11.0,304.0,5.0,145.0,1379914664.0,3.0,31057.0,poseidon,condorpool,poseidon-worker-1-container-4-7,plot_snrifar_ID76,/usr/local/bin/pycbc_page_snrifar,,3.1,0,0,,,,,,,,,
plot_snrifar_ID76_ID0000114,None,compute,0,1716790655.0,,,1716790660.0,1716790808.0,1716790947.0,45158909.9,1716790671.0,1716790970.0,1716790956.0,1716790959.0,7683.0,1716790970.0,1716790975.0,5.0,,11.0,299.0,5.0,139.0,1379914664.0,3.0,21571.0,poseidon,condorpool,poseidon-worker-1-container-16-19,plot_snrifar_ID76,/usr/local/bin/pycbc_page_snrifar,,2.8,0,0,,,,,,,,,
sngls_statmap_inj_ID143_ID0000152,None,compute,0,1716790655.0,,,1716790660.0,1716790808.0,1716790990.0,7867185.1,1716790671.0,1716791010.0,1716790997.0,1716791000.0,16309.0,1716791010.0,1716791015.0,5.0,,11.0,339.0,5.0,182.0,1379950070.0,3.0,44832.0,poseidon,condorpool,poseidon-worker-1-container-28-31,sngls_statmap_inj_ID143,/usr/local/bin/pycbc_sngls_statmap_inj,,2.0,0,0,,,,,,,,,
page_ifar_ID80_ID0000117,None,compute,0,1716790655.0,,,1716790660.0,1716790808.0,1716790980.0,8303475.2,1716790671.0,1716791000.0,1716790989.0,1716790992.0,14819.0,1716791000.0,1716791005.0,5.0,,11.0,329.0,5.0,172.0,1379914664.0,3.0,40447.0,poseidon,condorpool,poseidon-worker-1-container-20-23,page_ifar_ID80,/usr/local/bin/pycbc_page_ifar,,3.1,0,0,,,,,,,,,
plot_snrifar_ID76_ID0000093,None,compute,0,1716790655.0,,,1716790660.0,1716790788.0,1716790814.0,70624365.6,1716790786.0,1716790945.0,1716790935.0,1716790939.0,6309.0,1716790945.0,1716790950.0,5.0,,126.0,159.0,5.0,26.0,1409548496.0,4.0,21427.0,poseidon,condorpool,poseidon-worker-2-container-36-39,plot_snrifar_ID76,/usr/local/bin/pycbc_page_snrifar,,2.9,0,0,,,,,,,,,
plot_snrifar_ID76_ID0000092,None,compute,0,1716790655.0,,,1716790660.0,1716790788.0,1716790817.0,60404131.4,1716790786.0,1716790945.0,1716790935.0,1716790939.0,10399.0,1716790945.0,1716790950.0,5.0,,126.0,159.0,5.0,29.0,1409548496.0,4.0,35014.0,poseidon,condorpool,poseidon-worker-2-container-44-47,plot_snrifar_ID76,/usr/local/bin/pycbc_page_snrifar,,2.8,0,0,,,,,,,,,
plot_snrifar_ID76_ID0000095,None,compute,0,1716790655.0,,,1716790660.0,1716790808.0,1716790957.0,9879427.8,1716790671.0,1716790975.0,1716790967.0,1716790969.0,14703.0,1716790975.0,1716790980.0,5.0,,11.0,304.0,5.0,149.0,1409548496.0,2.0,40302.0,poseidon,condorpool,poseidon-worker-1-container-36-39,plot_snrifar_ID76,/usr/local/bin/pycbc_page_snrifar,,3.1,0,0,,,,,,,,,
plot_snrratehist_ID78_ID0000094,None,compute,0,1716790655.0,,,1716790660.0,1716790808.0,1716790978.0,8565365.9,1716790671.0,1716791000.0,1716790986.0,1716790989.0,13858.0,1716791000.0,1716791005.0,5.0,,11.0,329.0,5.0,170.0,1409548496.0,3.0,38724.0,poseidon,condorpool,poseidon-worker-1-container-20-23,plot_snrratehist_ID78,/usr/local/bin/pycbc_page_snrratehist,,2.8,0,0,,,,,,,,,
plot_snrratehist_ID78_ID0000115,None,compute,0,1716790655.0,,,1716790660.0,1716790808.0,1716790947.0,43403055.8,1716790671.0,1716790965.0,1716790956.0,1716790959.0,9332.0,1716790965.0,1716790970.0,5.0,,11.0,294.0,5.0,139.0,1379914664.0,3.0,25995.0,poseidon,condorpool,poseidon-worker-1-container-36-39,plot_snrratehist_ID78,/usr/local/bin/pycbc_page_snrratehist,,2.8,0,0,,,,,,,,,
statmap_inj_ID135_ID0000146,None,compute,0,1716790655.0,,,1716790660.0,1716790808.0,1716790945.0,10815239.6,1716790671.0,1716790965.0,1716790952.0,1716790955.0,7400.0,1716790965.0,1716790970.0,5.0,,11.0,294.0,5.0,137.0,1409620771.0,3.0,20648.0,poseidon,condorpool,poseidon-worker-1-container-4-7,statmap_inj_ID135,/usr/local/bin/pycbc_coinc_statmap_inj,,2.0,0,0,,,,,,,,,
plot_snrifar_ID76_ID0000106,None,compute,0,1716790655.0,,,1716790660.0,1716790808.0,1716790947.0,42366482.7,1716790671.0,1716790970.0,1716790956.0,1716790959.0,12574.0,1716790970.0,1716790975.0,5.0,,11.0,299.0,5.0,139.0,1383700496.0,3.0,35119.0,poseidon,condorpool,poseidon-worker-1-container-32-35,plot_snrifar_ID76,/usr/local/bin/pycbc_page_snrifar,,2.9,0,0,,,,,,,,,
statmap_inj_ID135_ID0000150,None,compute,0,1716790655.0,,,1716790660.0,1716790808.0,1716790983.0,8210704.1,1716790671.0,1716791000.0,1716790991.0,1716790993.0,7518.0,1716791000.0,1716791005.0,5.0,,11.0,329.0,5.0,175.0,1383754076.0,2.0,20464.0,poseidon,condorpool,poseidon-worker-1-container-20-23,statmap_inj_ID135,/usr/local/bin/pycbc_coinc_statmap_inj,,2.2,0,0,,,,,,,,,
plot_snrifar_ID76_ID0000109,None,compute,0,1716790655.0,,,1716790660.0,1716790808.0,1716790947.0,45216111.1,1716790807.0,1716790970.0,1716790956.0,1716790959.0,14672.0,1716790970.0,1716790975.0,5.0,,147.0,163.0,5.0,139.0,1383700496.0,3.0,41066.0,poseidon,condorpool,poseidon-worker-1-container-8-11,plot_snrifar_ID76,/usr/local/bin/pycbc_page_snrifar,,3.0,0,0,,,,,,,,,
page_ifar_ID80_ID0000111,None,compute,0,1716790655.0,,,1716790660.0,1716790808.0,1716790978.0,8435962.1,1716790671.0,1716791000.0,1716790987.0,1716790990.0,24866.0,1716791000.0,1716791005.0,5.0,,11.0,329.0,5.0,170.0,1383700496.0,3.0,68447.0,poseidon,condorpool,poseidon-worker-1-container-24-27,page_ifar_ID80,/usr/local/bin/pycbc_page_ifar,,3.8,0,0,,,,,,,,,
page_ifar_ID80_ID0000110,None,compute,0,1716790655.0,,,1716790660.0,1716790808.0,1716790952.0,10025012.1,1716790671.0,1716790975.0,1716790962.0,1716790965.0,25030.0,1716790975.0,1716790980.0,5.0,,11.0,304.0,5.0,144.0,1383700496.0,3.0,70136.0,poseidon,condorpool,poseidon-worker-1-container-12-15,page_ifar_ID80,/usr/local/bin/pycbc_page_ifar,,4.2,0,0,,,,,,,,,
page_foreground_ID71_ID0000112,None,compute,0,1716790655.0,,,1716790660.0,1716790808.0,1716790980.0,8446733.4,1716790671.0,1716791000.0,1716790988.0,1716790991.0,2881.0,1716791000.0,1716791005.0,5.0,,11.0,329.0,5.0,172.0,1401284436.0,3.0,7891.0,poseidon,condorpool,poseidon-worker-1-container-40-43,page_foreground_ID71,/usr/local/bin/pycbc_page_foreground,,2.8,0,0,,,,,,,,,
page_ifar_ID80_ID0000097,None,compute,0,1716790655.0,,,1716790660.0,1716790808.0,1716790991.0,7939788.4,1716790671.0,1716791010.0,1716791001.0,1716791004.0,26930.0,1716791010.0,1716791015.0,5.0,,11.0,339.0,5.0,183.0,1409548496.0,3.0,74370.0,poseidon,condorpool,poseidon-worker-1-container-28-31,page_ifar_ID80,/usr/local/bin/pycbc_page_ifar,,3.8,0,0,,,,,,,,,
statmap_inj_ID135_ID0000144,None,compute,0,1716790655.0,,,1716790660.0,1716790808.0,1716790948.0,43761424.1,1716790671.0,1716790970.0,1716790956.0,1716790959.0,7457.0,1716790970.0,1716790975.0,5.0,,11.0,299.0,5.0,140.0,1409594056.0,3.0,20648.0,poseidon,condorpool,poseidon-worker-1-container-4-7,statmap_inj_ID135,/usr/local/bin/pycbc_coinc_statmap_inj,,2.2,0,0,,,,,,,,,
page_ifar_ID80_ID0000090,None,compute,0,1716790655.0,,,1716790660.0,1716790808.0,1716790977.0,8663686.9,1716790671.0,1716790995.0,1716790986.0,1716790989.0,26054.0,1716790995.0,1716791000.0,5.0,,11.0,324.0,5.0,169.0,1409534504.0,3.0,73224.0,poseidon,condorpool,poseidon-worker-1-container-40-43,page_ifar_ID80,/usr/local/bin/pycbc_page_ifar,,3.8,0,0,,,,,,,,,
page_ifar_ID80_ID0000089,None,compute,0,1716790655.0,,,1716790660.0,1716790788.0,1716790812.0,77486429.6,1716790787.0,1716790945.0,1716790935.0,1716790939.0,16647.0,1716790945.0,1716790950.0,5.0,,127.0,158.0,5.0,24.0,1409534504.0,4.0,56195.0,poseidon,condorpool,poseidon-worker-2-container-32-35,page_ifar_ID80,/usr/local/bin/pycbc_page_ifar,,3.7,0,0,,,,,,,,,
plot_snrratehist_ID78_ID0000087,None,compute,0,1716790655.0,,,1716790660.0,1716790788.0,1716790817.0,61057175.3,1716790786.0,1716790945.0,1716790935.0,1716790939.0,10801.0,1716790945.0,1716790950.0,5.0,,126.0,159.0,5.0,29.0,1409534504.0,4.0,37112.0,poseidon,condorpool,poseidon-worker-2-container-40-43,plot_snrratehist_ID78,/usr/local/bin/pycbc_page_snrratehist,,3.0,0,0,,,,,,,,,
page_foreground_ID71_ID0000091,None,compute,0,1716790655.0,,,1716790660.0,1716790788.0,1716790815.0,68712080.5,1716790786.0,1716790945.0,1716790935.0,1716790939.0,13829.0,1716790945.0,1716790950.0,5.0,,126.0,159.0,5.0,27.0,1427118444.0,4.0,47798.0,poseidon,condorpool,poseidon-worker-2-container-28-31,page_foreground_ID71,/usr/local/bin/pycbc_page_foreground,,2.8,0,0,,,,,,,,,
plot_snrifar_ID76_ID0000085,hdd_10,compute,0,1716790655.0,,,1716790660.0,1716790809.0,1716790953.0,10171440.2,1716790808.0,1716790975.0,1716790962.0,1716790965.0,12693.0,1716790975.0,1716790980.0,5.0,,148.0,167.0,5.0,144.0,1409534504.0,3.0,35334.0,poseidon,condorpool,poseidon-worker-1-container-44-47,plot_snrifar_ID76,/usr/local/bin/pycbc_page_snrifar,,3.3,0,0,,,,,,,,,
plot_snrifar_ID76_ID0000086,None,compute,0,1716790655.0,,,1716790660.0,1716790788.0,1716790822.0,50016743.4,1716790786.0,1716791090.0,1716790935.0,1716791083.0,298.0,1716791090.0,1716791095.0,5.0,,126.0,304.0,5.0,34.0,1409534504.0,148.0,44066.0,poseidon,condorpool,poseidon-worker-2-container-24-27,plot_snrifar_ID76,/usr/local/bin/pycbc_page_snrifar,,2.7,0,0,,,,,,,,,
plot_snrifar_ID76_ID0000088,hdd_10,compute,0,1716790655.0,,,1716790660.0,1716790789.0,1716790813.0,75310034.8,1716790788.0,1716790945.0,1716790935.0,1716790939.0,11880.0,1716790945.0,1716790950.0,5.0,,128.0,157.0,5.0,24.0,1409534504.0,4.0,40922.0,poseidon,condorpool,poseidon-worker-2-container-16-19,plot_snrifar_ID76,/usr/local/bin/pycbc_page_snrifar,,3.1,0,0,,,,,,,,,
plot_snrifar_ID76_ID0000107,None,compute,0,1716790655.0,,,1716790660.0,1716790808.0,1716790984.0,8151030.1,1716790671.0,1716791005.0,1716790992.0,1716790995.0,10004.0,1716791005.0,1716791010.0,5.0,,11.0,334.0,5.0,176.0,1383700496.0,3.0,27283.0,poseidon,condorpool,poseidon-worker-1-container-28-31,plot_snrifar_ID76,/usr/local/bin/pycbc_page_snrifar,,2.6,0,0,,,,,,,,,
page_ifar_ID80_ID0000096,None,compute,0,1716790655.0,,,1716790660.0,1716790808.0,1716790971.0,8957262.7,1716790671.0,1716790990.0,1716790980.0,1716790983.0,21451.0,1716790990.0,1716790995.0,5.0,,11.0,319.0,5.0,163.0,1409548496.0,3.0,59500.0,poseidon,condorpool,poseidon-worker-1-container-24-27,page_ifar_ID80,/usr/local/bin/pycbc_page_ifar,,3.6,0,0,,,,,,,,,
page_foreground_ID71_ID0000098,None,compute,0,1716790655.0,,,1716790660.0,1716790808.0,1716790954.0,10150096.1,1716790671.0,1716790975.0,1716790963.0,1716790966.0,17108.0,1716790975.0,1716790980.0,5.0,,11.0,304.0,5.0,146.0,1427132436.0,3.0,47949.0,poseidon,condorpool,poseidon-worker-1-container-32-35,page_foreground_ID71,/usr/local/bin/pycbc_page_foreground,,3.2,0,0,,,,,,,,,
plot_snrifar_ID76_ID0000126,None,compute,0,1716790655.0,,,1716790660.0,1716790788.0,1716790810.0,81080577.6,1716790786.0,1716790945.0,1716790935.0,1716790939.0,6342.0,1716790945.0,1716790950.0,5.0,,126.0,159.0,5.0,22.0,1379947400.0,4.0,21707.0,poseidon,condorpool,poseidon-worker-2-container-20-23,plot_snrifar_ID76,/usr/local/bin/pycbc_page_snrifar,,2.5,0,0,,,,,,,,,
page_ifar_ID80_ID0000129,None,compute,0,1716790655.0,,,1716790660.0,1716790808.0,1716790954.0,9835439.2,1716790671.0,1716790975.0,1716790963.0,1716790966.0,15814.0,1716790975.0,1716790980.0,5.0,,11.0,304.0,5.0,146.0,1379947400.0,3.0,43993.0,poseidon,condorpool,poseidon-worker-1-container-0-3,page_ifar_ID80,/usr/local/bin/pycbc_page_ifar,,2.9,0,0,,,,,,,,,
plot_snrratehist_ID78_ID0000127,None,compute,0,1716790655.0,,,1716790660.0,1716790808.0,1716790834.0,69067441.6,1716790671.0,1716790965.0,1716790952.0,1716790955.0,10505.0,1716790965.0,1716790970.0,5.0,,11.0,294.0,5.0,26.0,1379947400.0,3.0,29966.0,poseidon,condorpool,poseidon-worker-1-container-8-11,plot_snrratehist_ID78,/usr/local/bin/pycbc_page_snrratehist,,3.2,0,0,0.1,27981688.0,63083.0,7094.0,34.0,1.2,1.4,133246.1,6308.3
page_foreground_ID71_ID0000130,None,compute,0,1716790655.0,,,1716790660.0,1716790808.0,1716790954.0,9977024.6,1716790671.0,1716790975.0,1716790963.0,1716790966.0,6694.0,1716790975.0,1716790980.0,5.0,,11.0,304.0,5.0,146.0,1397531340.0,3.0,18845.0,poseidon,condorpool,poseidon-worker-1-container-12-15,page_foreground_ID71,/usr/local/bin/pycbc_page_foreground,,2.9,0,0,,,,,,,,,
stage_out_local_condorpool_8_0,None,transfer,0,1716790655.0,,,1716790660.0,,,0.0,1716790660.0,1716790670.0,1716790660.0,1716790664.0,22984444.0,1716790670.0,1716790675.0,5.0,,0.0,10.0,5.0,,,4.0,92736160.0,poseidon,local,poseidon-submit,pegasus::transfer,/mnt/poseidon-data/poseidon/pegasus-5.1.0panorama/bin/pegasus-transfer,pegasus-kickstart  -n pegasus::transfer -N null -i - -R local  -L pycbc-search -T 2024-03-27T21:26:08+00:00 pegasus-transfer  --threads 2,1.2,0,0,,,,,,,,,
sngls_statmap_inj_ID143_ID0000156,None,compute,0,1716790655.0,,,1716790660.0,1716790808.0,1716790978.0,8414816.6,1716790671.0,1716790995.0,1716790986.0,1716790988.0,15976.0,1716790995.0,1716791000.0,5.0,,11.0,324.0,5.0,170.0,1379988377.0,2.0,44832.0,poseidon,condorpool,poseidon-worker-1-container-24-27,sngls_statmap_inj_ID143,/usr/local/bin/pycbc_sngls_statmap_inj,,2.1,0,0,,,,,,,,,
plot_snrifar_ID76_ID0000128,None,compute,0,1716790655.0,,,1716790660.0,1716790788.0,1716790833.0,35043718.7,1716790786.0,1716790945.0,1716790935.0,1716790939.0,9320.0,1716790945.0,1716790950.0,5.0,,126.0,159.0,5.0,45.0,1379947400.0,4.0,31952.0,poseidon,condorpool,poseidon-worker-2-container-0-3,plot_snrifar_ID76,/usr/local/bin/pycbc_page_snrifar,,2.8,0,0,,,,,,,,,
combine_statmap_ID36_ID0000037,None,compute,0,1716790655.0,,,1716790660.0,1716790808.0,1716790949.0,41535480.9,1716790671.0,1716790970.0,1716790958.0,1716790962.0,35724052.0,1716790970.0,1716790975.0,5.0,,11.0,299.0,5.0,141.0,1472617120.0,4.0,143517196.0,poseidon,condorpool,poseidon-worker-1-container-16-19,combine_statmap_ID36,/usr/local/bin/pycbc_add_statmap,,2.9,0,0,,,,,,,,,
plot_snrifar_ID76_ID0000125,None,compute,0,1716790655.0,,,1716790660.0,1716790788.0,1716790810.0,83078504.6,1716790786.0,1716790945.0,1716790935.0,1716790939.0,9133.0,1716790945.0,1716790950.0,5.0,,126.0,159.0,5.0,22.0,1379947400.0,4.0,30923.0,poseidon,condorpool,poseidon-worker-2-container-4-7,plot_snrifar_ID76,/usr/local/bin/pycbc_page_snrifar,,2.6,0,0,,,,,,,,,
sngls_statmap_inj_ID143_ID0000154,None,compute,0,1716790655.0,,,1716790660.0,1716790808.0,1716790953.0,9963523.1,1716790671.0,1716790970.0,1716790960.0,1716790963.0,16199.0,1716790970.0,1716790975.0,5.0,,11.0,299.0,5.0,145.0,1379986239.0,3.0,44832.0,poseidon,condorpool,poseidon-worker-1-container-16-19,sngls_statmap_inj_ID143,/usr/local/bin/pycbc_sngls_statmap_inj,,2.4,0,0,,,,,,,,,
plot_snrifar_ID76_ID0000119,None,compute,0,1716790655.0,,,1716790660.0,1716790788.0,1716790832.0,36402931.8,1716790787.0,1716790945.0,1716790935.0,1716790939.0,8761.0,1716790945.0,1716790950.0,5.0,,127.0,158.0,5.0,44.0,1379952000.0,4.0,29962.0,poseidon,condorpool,poseidon-worker-2-container-0-3,plot_snrifar_ID76,/usr/local/bin/pycbc_page_snrifar,,2.5,0,0,,,,,,,,,
plot_snrratehist_ID78_ID0000121,None,compute,0,1716790655.0,,,1716790660.0,1716790809.0,1716790986.0,8067032.5,1716790808.0,1716791005.0,1716790994.0,1716790997.0,11243.0,1716791005.0,1716791010.0,5.0,,148.0,197.0,5.0,177.0,1379952000.0,3.0,30601.0,poseidon,condorpool,poseidon-worker-1-container-28-31,plot_snrratehist_ID78,/usr/local/bin/pycbc_page_snrratehist,,2.5,0,0,,,,,,,,,
page_foreground_ID71_ID0000124,None,compute,0,1716790655.0,,,1716790660.0,1716790809.0,1716790961.0,9584819.1,1716790808.0,1716790980.0,1716790969.0,1716790972.0,8549.0,1716790980.0,1716790985.0,5.0,,148.0,172.0,5.0,152.0,1397535940.0,3.0,23436.0,poseidon,condorpool,poseidon-worker-1-container-20-23,page_foreground_ID71,/usr/local/bin/pycbc_page_foreground,,2.8,0,0,,,,,,,,,
plot_snrifar_ID76_ID0000122,None,compute,0,1716790655.0,,,1716790660.0,1716790809.0,1716790964.0,9301261.3,1716790808.0,1716790985.0,1716790973.0,1716790976.0,11638.0,1716790985.0,1716790990.0,5.0,,148.0,177.0,5.0,155.0,1379952000.0,3.0,31869.0,poseidon,condorpool,poseidon-worker-1-container-24-27,plot_snrifar_ID76,/usr/local/bin/pycbc_page_snrifar,,2.9,0,0,,,,,,,,,
page_ifar_ID80_ID0000123,None,compute,0,1716790655.0,,,1716790660.0,1716790809.0,1716790978.0,8457716.4,1716790808.0,1716791000.0,1716790986.0,1716790989.0,15368.0,1716791000.0,1716791005.0,5.0,,148.0,192.0,5.0,169.0,1379952000.0,3.0,43163.0,poseidon,condorpool,poseidon-worker-1-container-40-43,page_ifar_ID80,/usr/local/bin/pycbc_page_ifar,,3.1,0,0,,,,,,,,,
plot_snrifar_ID76_ID0000120,None,compute,0,1716790655.0,,,1716790660.0,1716790788.0,1716790821.0,50176603.9,1716790787.0,1716790945.0,1716790935.0,1716790938.0,7924.0,1716790945.0,1716790950.0,5.0,,127.0,158.0,5.0,33.0,1379952000.0,3.0,22737.0,poseidon,condorpool,poseidon-worker-2-container-36-39,plot_snrifar_ID76,/usr/local/bin/pycbc_page_snrifar,,2.4,0,0,,,,,,,,,
register_condorpool_8_0,None,auxiliary,0,1716790675.0,,,1716790680.0,,,0.0,1716790680.0,1716790685.0,,,0.0,1716790685.0,1716790690.0,5.0,,0.0,5.0,5.0,,,,,poseidon,local,poseidon-submit,pegasus::rc-client,/mnt/poseidon-data/poseidon/pegasus-5.1.0panorama/bin/pegasus-rc-client,"pegasus-kickstart  -n pegasus::rc-client -N null -R local  -L pycbc-search -T 2024-03-27T21:26:08+00:00 /home/poseidon/pegasus-5.1.0panorama/bin/pegasus-rc-client --prefix pegasus.catalog.replica.output --conf /mnt/poseidon-data/poseidon/workflows/pycbc/search/poseidon/submit/poseidon/pegasus/pycbc-search/run0476/pegasus.5909648066408654216.properties -v --meta /mnt/poseidon-data/poseidon/workflows/pycbc/search/poseidon/submit/poseidon/pegasus/pycbc-search/run0476/00/01/exclude_zerolag_ID29_ID0000032.meta,/mnt/poseidon-data/poseidon/workflows/pycbc/search/poseidon/submit/poseidon/pegasus/pycbc-search/run0476/00/01/exclude_zerolag_ID29_ID0000035.meta,/mnt/poseidon-data/poseidon/workflows/pycbc/search/poseidon/submit/poseidon/pegasus/pycbc-search/run0476/00/01/exclude_zerolag_ID29_ID0000030.meta,/mnt/poseidon-data/poseidon/workflows/pycbc/search/poseidon/submit/poseidon/pegasus/pycbc-search/run0476/00/01/exclude_zerolag_ID29_ID0000033.meta,/mnt/poseidon-data/poseidon/workflows/pycbc/search/poseidon/submit/poseidon/pegasus/pycbc-search/run0476/00/01/exclude_zerolag_ID29_ID0000036.meta,/mnt/poseidon-data/poseidon/workflows/pycbc/search/poseidon/submit/poseidon/pegasus/pycbc-search/run0476/00/01/exclude_zerolag_ID29_ID0000034.meta,/mnt/poseidon-data/poseidon/workflows/pycbc/search/poseidon/submit/poseidon/pegasus/pycbc-search/run0476/00/01/exclude_zerolag_ID29_ID0000031.meta --insert /mnt/poseidon-data/poseidon/workflows/pycbc/search/poseidon/submit/poseidon/pegasus/pycbc-search/run0476/00/01/register_condorpool_8_0.in",3.4,0,0,,,,,,,,,
page_foreground_ID71_ID0000079,None,compute,0,1716790975.0,,,1716790980.0,1716790982.0,1716790998.0,139973713.4,1716790981.0,1716791150.0,1716791140.0,1716791142.0,48007.0,1716791150.0,1716791155.0,5.0,,1.0,169.0,5.0,16.0,1540982096.0,2.0,140485.0,poseidon,condorpool,poseidon-worker-2-container-44-47,page_foreground_ID71,/usr/local/bin/pycbc_page_foreground,,3.1,0,0,,,,,,,,,
page_foreground_ID71_ID0000078,None,compute,0,1716790975.0,,,1716790980.0,1716790982.0,1716791000.0,133650956.2,1716790981.0,1716791020.0,1716791008.0,1716791011.0,18206.0,1716791020.0,1716791025.0,5.0,,1.0,39.0,5.0,18.0,1540982096.0,3.0,49898.0,poseidon,condorpool,poseidon-worker-1-container-4-7,page_foreground_ID71,/usr/local/bin/pycbc_page_foreground,,2.8,0,0,,,,,,,,,
pegasus-plan_ID0000084,None,subwf,0,1716790975.0,1716790975.0,1716790981.0,1716790985.0,,,0.0,1716790986.0,1716791672.0,,,0.0,,,0.0,6.0,1.0,686.0,,,,,,poseidon,local,poseidon-submit,condor::dagman,/usr/bin/condor_dagman,-p 0  -f -l . -Notification never -Debug 3 -Lockfile H1L1V1-FOREGROUND_MINIFOLLOWUP_FULL_DATA_BACKGROUND-1186740100-3400.dag.lock -Dag H1L1V1-FOREGROUND_MINIFOLLOWUP_FULL_DATA_BACKGROUND-1186740100-3400.dag -AllowVersionMismatch  -AutoRescue 1 -DoRescueFrom 0,0.0,0,0,,,,,,,,,
foreground_censor_ID37_ID0000038,None,compute,0,1716790975.0,,,1716790980.0,1716790982.0,1716790998.0,152411895.0,1716790981.0,1716791150.0,1716791140.0,1716791142.0,986.0,1716791150.0,1716791155.0,5.0,,1.0,169.0,5.0,16.0,1523401069.0,2.0,2875.0,poseidon,condorpool,poseidon-worker-2-container-28-31,foreground_censor_ID37,/usr/local/bin/pycbc_foreground_censor,,2.4,0,0,,,,,,,,,
page_foreground_ID71_ID0000080,hdd_10,compute,0,1716790975.0,,,1716790980.0,1716790982.0,1716790998.0,141446456.3,1716790981.0,1716791150.0,1716791140.0,1716791142.0,3239.0,1716791150.0,1716791155.0,5.0,,1.0,169.0,5.0,16.0,1540982096.0,2.0,9318.0,poseidon,condorpool,poseidon-worker-2-container-16-19,page_foreground_ID71,/usr/local/bin/pycbc_page_foreground,,2.9,0,0,,,,,,,,,
page_ifar_catalog_ID70_ID0000077,None,compute,0,1716790975.0,,,1716790980.0,1716790982.0,1716790998.0,146090941.3,1716790981.0,1716791020.0,1716791010.0,1716791013.0,8965.0,1716791020.0,1716791025.0,5.0,,1.0,39.0,5.0,16.0,1523398156.0,3.0,25487.0,poseidon,condorpool,poseidon-worker-1-container-12-15,page_ifar_catalog_ID70,/usr/local/bin/pycbc_ifar_catalog,,6.2,0,0,0.1,30518269.0,63083.0,7310.0,34.0,3.7,1.1,3051826.9,6308.3
pegasus-plan_ID0000082,None,subwf,0,1716790975.0,1716790975.0,1716790981.0,1716790985.0,,,0.0,1716790986.0,1716791792.0,,,0.0,,,0.0,6.0,1.0,806.0,,,,,,poseidon,local,poseidon-submit,condor::dagman,/usr/bin/condor_dagman,-p 0  -f -l . -Notification never -Debug 3 -Lockfile H1L1V1-FOREGROUND_MINIFOLLOWUP_FULL_DATA_FOREGROUND-1186740100-3400.dag.lock -Dag H1L1V1-FOREGROUND_MINIFOLLOWUP_FULL_DATA_FOREGROUND-1186740100-3400.dag -AllowVersionMismatch  -AutoRescue 1 -DoRescueFrom 0,0.0,0,0,,,,,,,,,
create_dir_H1L1V1-FOREGROUND_MINIFOLLOWUP_FULL_DATA_FOREGROUND-1186740100-3400.dax_0_condorpool_pegasus-plan_ID0000082,None,auxiliary,0,1716790987.0,,,1716790988.0,,,0.0,1716790992.0,1716790998.0,,,0.0,1716790998.0,1716791003.0,1.0,,4.0,6.0,5.0,,,,,poseidon,local,poseidon-submit,pegasus::dirmanager,/mnt/poseidon-data/poseidon/pegasus-5.1.0panorama/bin/pegasus-transfer,pegasus-kickstart  -n pegasus::dirmanager -N null -i - -R local  -L H1L1V1-FOREGROUND_MINIFOLLOWUP_FULL_DATA_FOREGROUND-1186740100-3400 -T 2024-03-13T22:37:56+00:00 pegasus-transfer,0.3,0,0,,,,,,,,,
create_dir_H1L1V1-FOREGROUND_MINIFOLLOWUP_FULL_DATA_BACKGROUND-1186740100-3400.dax_0_condorpool_pegasus-plan_ID0000084,None,auxiliary,0,1716790987.0,,,1716790988.0,,,0.0,1716790992.0,1716790998.0,,,0.0,1716790998.0,1716791003.0,1.0,,4.0,6.0,5.0,,,,,poseidon,local,poseidon-submit,pegasus::dirmanager,/mnt/poseidon-data/poseidon/pegasus-5.1.0panorama/bin/pegasus-transfer,pegasus-kickstart  -n pegasus::dirmanager -N null -i - -R local  -L H1L1V1-FOREGROUND_MINIFOLLOWUP_FULL_DATA_BACKGROUND-1186740100-3400 -T 2024-03-13T22:37:56+00:00 pegasus-transfer,0.3,0,0,,,,,,,,,
plot_qscan_ID10_ID0000015_pegasus-plan_ID0000084,None,compute,0,1716791003.0,,,1716791008.0,1716791009.0,1716791031.0,98422682.9,1716791008.0,1716791193.0,1716791179.0,1716791182.0,78877.0,1716791193.0,1716791198.0,5.0,,0.0,185.0,5.0,22.0,1509356709.0,3.0,270000.0,poseidon,condorpool,poseidon-worker-1-container-40-43,plot_qscan_ID10,/usr/local/bin/pycbc_plot_qscan,,18.6,0,0,0.0,812343807.0,63122.0,8214.0,35.0,12.8,2.1,27078126.9,6312.2
plot_singles_timefreq_ID9_ID0000012_pegasus-plan_ID0000084,None,compute,0,1716791003.0,,,1716791008.0,1716791010.0,1716791057.0,36294226.1,1716791008.0,1716791473.0,1716791179.0,1716791463.0,2744.0,1716791473.0,1716791478.0,5.0,,0.0,465.0,5.0,47.0,1494665772.0,284.0,779722.0,poseidon,condorpool,poseidon-worker-1-container-20-23,plot_singles_timefreq_ID9,/usr/local/bin/pycbc_plot_singles_timefreq,,16.8,0,0,0.1,691960283.0,63552.0,9216.0,45.0,12.4,2.4,23065342.8,3177.6
single_template_ID3_ID0000004_pegasus-plan_ID0000082,None,compute,0,1716791003.0,,,1716791008.0,1716791020.0,1716791040.0,103691033.7,1716791019.0,1716791193.0,1716791179.0,1716791182.0,2798574.0,1716791193.0,1716791198.0,5.0,,11.0,174.0,5.0,20.0,1485631059.0,3.0,9945232.0,poseidon,condorpool,poseidon-worker-1-container-12-15,single_template_ID3,/usr/local/bin/pycbc_single_template,,31.7,0,0,0.0,660656319.0,28470.0,4714.0,27.0,23.9,5.9,11010938.6,2847.0
plot_qscan_ID10_ID0000013_pegasus-plan_ID0000082,None,compute,0,1716791003.0,,,1716791008.0,1716791010.0,1716791036.0,73877168.9,1716791008.0,1716791473.0,1716791179.0,1716791463.0,1965.0,1716791473.0,1716791478.0,5.0,,0.0,465.0,5.0,26.0,1488780210.0,284.0,558484.0,poseidon,condorpool,poseidon-worker-1-container-28-31,plot_qscan_ID10,/usr/local/bin/pycbc_plot_qscan,,17.0,0,0,0.1,688998108.0,63333.0,8325.0,40.0,12.5,2.2,22966603.6,3166.7
single_template_ID3_ID0000008_pegasus-plan_ID0000082,None,compute,0,1716791003.0,,,1716791008.0,1716791010.0,1716791052.0,42094591.9,1716791008.0,1716791193.0,1716791179.0,1716791182.0,2752572.0,1716791193.0,1716791198.0,5.0,,0.0,185.0,5.0,42.0,1509360080.0,3.0,9945232.0,poseidon,condorpool,poseidon-worker-1-container-24-27,single_template_ID3,/usr/local/bin/pycbc_single_template,,32.1,0,0,0.0,803090839.0,28470.0,4843.0,27.0,24.1,5.8,13384847.3,2847.0
plot_singles_timefreq_ID9_ID0000014_pegasus-plan_ID0000082,None,compute,0,1716791003.0,,,1716791008.0,1716791010.0,1716791050.0,45362168.1,1716791008.0,1716791473.0,1716791179.0,1716791463.0,2785.0,1716791473.0,1716791478.0,5.0,,0.0,465.0,5.0,40.0,1514825178.0,284.0,791466.0,poseidon,condorpool,poseidon-worker-1-container-20-23,plot_singles_timefreq_ID9,/usr/local/bin/pycbc_plot_singles_timefreq,,18.3,0,0,0.1,812420594.0,63385.0,8259.0,41.0,12.6,2.2,27080686.5,3169.2
plot_qscan_ID10_ID0000011_pegasus-plan_ID0000084,hdd_10,compute,0,1716791003.0,,,1716791008.0,1716791021.0,1716791040.0,124947941.9,1716791020.0,1716791203.0,1716791179.0,1716791182.0,92571.0,1716791203.0,1716791208.0,5.0,,12.0,183.0,5.0,19.0,1485627688.0,3.0,321049.0,poseidon,condorpool,poseidon-worker-1-container-44-47,plot_qscan_ID10,/usr/local/bin/pycbc_plot_qscan,,17.0,0,0,0.0,669992224.0,63333.0,8123.0,40.0,12.3,2.5,22333074.1,3166.7
plot_singles_timefreq_ID9_ID0000012_pegasus-plan_ID0000082,None,compute,0,1716791003.0,,,1716791008.0,1716791010.0,1716791053.0,40314028.4,1716791008.0,1716791193.0,1716791179.0,1716791182.0,113728.0,1716791193.0,1716791198.0,5.0,,0.0,185.0,5.0,43.0,1494665772.0,3.0,393435.0,poseidon,condorpool,poseidon-worker-1-container-24-27,plot_singles_timefreq_ID9,/usr/local/bin/pycbc_plot_singles_timefreq,,16.8,0,0,0.1,692039528.0,63552.0,9298.0,45.0,12.5,2.4,23067984.3,3177.6
plot_qscan_ID10_ID0000015_pegasus-plan_ID0000082,None,compute,0,1716791003.0,,,1716791008.0,1716791010.0,1716791030.0,107726094.8,1716791008.0,1716791193.0,1716791179.0,1716791182.0,96509.0,1716791193.0,1716791198.0,5.0,,0.0,185.0,5.0,20.0,1509356709.0,3.0,324497.0,poseidon,condorpool,poseidon-worker-1-container-40-43,plot_qscan_ID10,/usr/local/bin/pycbc_plot_qscan,,18.1,0,0,0.0,812338279.0,63122.0,8200.0,35.0,12.6,2.1,27077942.6,6312.2
plot_singles_timefreq_ID9_ID0000014_pegasus-plan_ID0000084,None,compute,0,1716791003.0,,,1716791008.0,1716791010.0,1716791029.0,120911601.3,1716791008.0,1716791188.0,1716791179.0,1716791182.0,135484.0,1716791188.0,1716791193.0,5.0,,0.0,180.0,5.0,19.0,1514825178.0,3.0,398454.0,poseidon,condorpool,poseidon-worker-1-container-28-31,plot_singles_timefreq_ID9,/usr/local/bin/pycbc_plot_singles_timefreq,,18.7,0,0,0.1,815283555.0,63552.0,9279.0,45.0,15.1,2.7,20382088.9,3177.6
single_template_ID3_ID0000008_pegasus-plan_ID0000084,None,compute,0,1716791003.0,,,1716791008.0,1716791010.0,1716791035.0,80164949.1,1716791008.0,1716791193.0,1716791179.0,1716791182.0,2824480.0,1716791193.0,1716791198.0,5.0,,0.0,185.0,5.0,25.0,1509360080.0,3.0,9945232.0,poseidon,condorpool,poseidon-worker-1-container-28-31,single_template_ID3,/usr/local/bin/pycbc_single_template,,32.7,0,0,0.1,803088168.0,28470.0,4837.0,27.0,22.6,5.2,13384802.8,2847.0
plot_singles_timefreq_ID9_ID0000010_pegasus-plan_ID0000084,None,compute,0,1716791003.0,,,1716791008.0,1716791010.0,1716791056.0,36976074.8,1716791009.0,1716791193.0,1716791179.0,1716791182.0,109410.0,1716791193.0,1716791198.0,5.0,,1.0,184.0,5.0,46.0,1491923977.0,3.0,379960.0,poseidon,condorpool,poseidon-worker-1-container-24-27,plot_singles_timefreq_ID9,/usr/local/bin/pycbc_plot_singles_timefreq,,16.8,0,0,0.0,673341294.0,63552.0,9312.0,45.0,12.5,2.3,22444709.8,3177.6
plot_singles_timefreq_ID9_ID0000010_pegasus-plan_ID0000082,None,compute,0,1716791003.0,,,1716791008.0,1716791010.0,1716791028.0,126788768.9,1716791009.0,1716791473.0,1716791179.0,1716791463.0,2741.0,1716791473.0,1716791478.0,5.0,,1.0,464.0,5.0,18.0,1491923977.0,284.0,778982.0,poseidon,condorpool,poseidon-worker-1-container-40-43,plot_singles_timefreq_ID9,/usr/local/bin/pycbc_plot_singles_timefreq,,16.9,0,0,0.1,673320540.0,63552.0,9265.0,45.0,12.3,2.5,22444018.0,3177.6
single_template_ID3_ID0000006_pegasus-plan_ID0000084,None,compute,0,1716791003.0,,,1716791008.0,1716791010.0,1716791059.0,34746022.8,1716791009.0,1716791473.0,1716791179.0,1716791463.0,69978.0,1716791473.0,1716791478.0,5.0,,1.0,464.0,5.0,49.0,1488783581.0,284.0,19890464.0,poseidon,condorpool,poseidon-worker-1-container-20-23,single_template_ID3,/usr/local/bin/pycbc_single_template,,30.0,0,0,0.1,679635580.0,4222782.0,4854.0,28.0,24.2,5.4,11327259.7,211139.1
single_template_ID3_ID0000004_pegasus-plan_ID0000084,None,compute,0,1716791003.0,,,1716791008.0,1716791021.0,1716791046.0,77070013.1,1716791020.0,1716791153.0,1716791140.0,1716791143.0,3234043.0,1716791153.0,1716791158.0,5.0,,12.0,133.0,5.0,25.0,1485631059.0,3.0,9945232.0,poseidon,condorpool,poseidon-worker-2-container-28-31,single_template_ID3,/usr/local/bin/pycbc_single_template,,28.6,0,0,0.0,660653987.0,28470.0,4702.0,27.0,20.1,4.8,13213079.7,2847.0
plot_trigger_timeseries_ID1_ID0000003_pegasus-plan_ID0000082,None,compute,0,1716791003.0,,,1716791008.0,1716791010.0,1716791038.0,66887580.1,1716791010.0,1716791188.0,1716791179.0,1716791182.0,9910.0,1716791188.0,1716791193.0,5.0,,2.0,178.0,5.0,28.0,1397431710.0,3.0,33693.0,poseidon,condorpool,poseidon-worker-1-container-28-31,plot_trigger_timeseries_ID1,/usr/local/bin/pycbc_plot_trigger_timeseries,,3.0,0,0,,,,,,,,,
plot_qscan_ID10_ID0000013_pegasus-plan_ID0000084,None,compute,0,1716791003.0,,,1716791008.0,1716791010.0,1716791057.0,35804359.8,1716791008.0,1716791473.0,1716791179.0,1716791463.0,2229.0,1716791473.0,1716791478.0,5.0,,0.0,465.0,5.0,47.0,1488780210.0,284.0,633416.0,poseidon,condorpool,poseidon-worker-1-container-20-23,plot_qscan_ID10,/usr/local/bin/pycbc_plot_qscan,,16.5,0,0,0.1,688992597.0,63333.0,8311.0,40.0,12.7,2.2,22966419.9,3166.7
plot_trigger_timeseries_ID1_ID0000002_pegasus-plan_ID0000082,None,compute,0,1716791003.0,,,1716791008.0,1716791021.0,1716791037.0,137083330.9,1716791020.0,1716791153.0,1716791140.0,1716791142.0,13528.0,1716791153.0,1716791158.0,5.0,,12.0,133.0,5.0,16.0,1397431710.0,2.0,39521.0,poseidon,condorpool,poseidon-worker-2-container-44-47,plot_trigger_timeseries_ID1,/usr/local/bin/pycbc_plot_trigger_timeseries,,2.8,0,0,,,,,,,,,
page_coincinfo_ID0_ID0000001_pegasus-plan_ID0000082,None,compute,0,1716791003.0,,,1716791008.0,1716791021.0,1716791042.0,99247639.4,1716791020.0,1716791153.0,1716791140.0,1716791142.0,2325.0,1716791153.0,1716791158.0,5.0,,12.0,133.0,5.0,21.0,1540982096.0,2.0,6780.0,poseidon,condorpool,poseidon-worker-2-container-24-27,page_coincinfo_ID0,/usr/local/bin/pycbc_page_coincinfo,,2.7,0,0,,,,,,,,,
plot_trigger_timeseries_ID1_ID0000002_pegasus-plan_ID0000084,hdd_10,compute,0,1716791003.0,,,1716791008.0,1716791141.0,1716791156.0,143146322.9,1716791140.0,1716791333.0,1716791303.0,1716791306.0,15752.0,1716791333.0,1716791338.0,5.0,,132.0,193.0,5.0,15.0,1397431710.0,3.0,48381.0,poseidon,condorpool,poseidon-worker-2-container-16-19,plot_trigger_timeseries_ID1,/usr/local/bin/pycbc_plot_trigger_timeseries,,3.1,0,0,,,,,,,,,
plot_qscan_ID10_ID0000011_pegasus-plan_ID0000082,None,compute,0,1716791003.0,,,1716791008.0,1716791021.0,1716791042.0,100829301.4,1716791020.0,1716791188.0,1716791179.0,1716791182.0,91665.0,1716791188.0,1716791193.0,5.0,,12.0,168.0,5.0,21.0,1485627688.0,3.0,312282.0,poseidon,condorpool,poseidon-worker-1-container-4-7,plot_qscan_ID10,/usr/local/bin/pycbc_plot_qscan,,17.3,0,0,0.0,670015461.0,63333.0,8175.0,40.0,12.3,2.6,22333848.7,3166.7
page_coincinfo_ID0_ID0000001_pegasus-plan_ID0000084,None,compute,0,1716791003.0,,,1716791008.0,1716791021.0,1716791039.0,134563746.0,1716791020.0,1716791188.0,1716791179.0,1716791182.0,1847.0,1716791188.0,1716791193.0,5.0,,12.0,168.0,5.0,18.0,1540982096.0,3.0,6183.0,poseidon,condorpool,poseidon-worker-1-container-12-15,page_coincinfo_ID0,/usr/local/bin/pycbc_page_coincinfo,,2.8,0,0,,,,,,,,,
plot_trigger_timeseries_ID1_ID0000003_pegasus-plan_ID0000084,None,compute,0,1716791003.0,,,1716791008.0,1716791018.0,1716791036.0,116162775.8,1716791017.0,1716791188.0,1716791179.0,1716791182.0,16857.0,1716791188.0,1716791193.0,5.0,,9.0,171.0,5.0,18.0,1397431710.0,3.0,58131.0,poseidon,condorpool,poseidon-worker-1-container-4-7,plot_trigger_timeseries_ID1,/usr/local/bin/pycbc_plot_trigger_timeseries,,3.2,0,0,,,,,,,,,
single_template_ID3_ID0000006_pegasus-plan_ID0000082,None,compute,0,1716791003.0,,,1716791008.0,1716791011.0,1716791057.0,36200406.3,1716791009.0,1716791193.0,1716791179.0,1716791182.0,2766408.0,1716791193.0,1716791198.0,5.0,,1.0,184.0,5.0,46.0,1488783581.0,3.0,9945232.0,poseidon,condorpool,poseidon-worker-1-container-24-27,single_template_ID3,/usr/local/bin/pycbc_single_template,,29.1,0,0,0.0,679636450.0,28470.0,4849.0,27.0,21.1,3.7,13592729.0,2847.0
stage_out_local_condorpool_9_5,None,transfer,0,1716791005.0,,,1716791010.0,,,0.0,1716791013.0,1716791025.0,1716791014.0,1716791018.0,102845.0,1716791025.0,1716791030.0,5.0,,3.0,12.0,5.0,,,4.0,414971.0,poseidon,local,poseidon-submit,pegasus::transfer,/mnt/poseidon-data/poseidon/pegasus-5.1.0panorama/bin/pegasus-transfer,pegasus-kickstart  -n pegasus::transfer -N null -i - -R local  -L pycbc-search -T 2024-03-27T21:26:08+00:00 pegasus-transfer  --threads 2,1.0,0,0,,,,,,,,,
stage_out_local_condorpool_9_3,None,transfer,0,1716791005.0,,,1716791010.0,,,0.0,1716791013.0,1716791025.0,1716791014.0,1716791018.0,78333.0,1716791025.0,1716791030.0,5.0,,3.0,12.0,5.0,,,4.0,316113.0,poseidon,local,poseidon-submit,pegasus::transfer,/mnt/poseidon-data/poseidon/pegasus-5.1.0panorama/bin/pegasus-transfer,pegasus-kickstart  -n pegasus::transfer -N null -i - -R local  -L pycbc-search -T 2024-03-27T21:26:08+00:00 pegasus-transfer  --threads 2,1.1,0,0,,,,,,,,,
stage_out_local_condorpool_9_0,None,transfer,0,1716791010.0,,,1716791015.0,,,0.0,1716791019.0,1716791030.0,1716791019.0,1716791023.0,73873.0,1716791030.0,1716791035.0,5.0,,4.0,11.0,5.0,,,4.0,297600.0,poseidon,local,poseidon-submit,pegasus::transfer,/mnt/poseidon-data/poseidon/pegasus-5.1.0panorama/bin/pegasus-transfer,pegasus-kickstart  -n pegasus::transfer -N null -i - -R local  -L pycbc-search -T 2024-03-27T21:26:08+00:00 pegasus-transfer  --threads 2,1.0,0,0,,,,,,,,,
combine_statmap_ID36_ID0000157,None,compute,0,1716791015.0,,,1716791020.0,1716791021.0,1716791049.0,73120405.2,1716791020.0,1716791190.0,1716791179.0,1716791182.0,19484.0,1716791190.0,1716791195.0,5.0,,0.0,170.0,5.0,28.0,1472834024.0,3.0,65680.0,poseidon,condorpool,poseidon-worker-1-container-40-43,combine_statmap_ID36,/usr/local/bin/pycbc_add_statmap,,2.6,0,0,,,,,,,,,
stage_out_local_condorpool_9_1,None,transfer,0,1716791015.0,,,1716791020.0,,,0.0,1716791023.0,1716791035.0,1716791023.0,1716791027.0,77730.0,1716791035.0,1716791040.0,5.0,,3.0,12.0,5.0,,,4.0,313838.0,poseidon,local,poseidon-submit,pegasus::transfer,/mnt/poseidon-data/poseidon/pegasus-5.1.0panorama/bin/pegasus-transfer,pegasus-kickstart  -n pegasus::transfer -N null -i - -R local  -L pycbc-search -T 2024-03-27T21:26:08+00:00 pegasus-transfer  --threads 2,1.1,0,0,,,,,,,,,
stage_out_local_condorpool_9_2,None,transfer,0,1716791015.0,,,1716791020.0,,,0.0,1716791023.0,1716791035.0,1716791023.0,1716791027.0,74280.0,1716791035.0,1716791040.0,5.0,,3.0,12.0,5.0,,,4.0,299534.0,poseidon,local,poseidon-submit,pegasus::transfer,/mnt/poseidon-data/poseidon/pegasus-5.1.0panorama/bin/pegasus-transfer,pegasus-kickstart  -n pegasus::transfer -N null -i - -R local  -L pycbc-search -T 2024-03-27T21:26:08+00:00 pegasus-transfer  --threads 2,1.1,0,0,,,,,,,,,
register_condorpool_9_3,None,auxiliary,0,1716791030.0,,,1716791055.0,,,0.0,1716791055.0,1716791060.0,,,0.0,1716791060.0,1716791065.0,25.0,,0.0,5.0,5.0,,,,,poseidon,local,poseidon-submit,pegasus::rc-client,/mnt/poseidon-data/poseidon/pegasus-5.1.0panorama/bin/pegasus-rc-client,"pegasus-kickstart  -n pegasus::rc-client -N null -R local  -L pycbc-search -T 2024-03-27T21:26:08+00:00 /home/poseidon/pegasus-5.1.0panorama/bin/pegasus-rc-client --prefix pegasus.catalog.replica.output --conf /mnt/poseidon-data/poseidon/workflows/pycbc/search/poseidon/submit/poseidon/pegasus/pycbc-search/run0476/pegasus.5909648066408654216.properties -v --meta /mnt/poseidon-data/poseidon/workflows/pycbc/search/poseidon/submit/poseidon/pegasus/pycbc-search/run0476/00/02/plot_snrratehist_ID78_ID0000115.meta,/mnt/poseidon-data/poseidon/workflows/pycbc/search/poseidon/submit/poseidon/pegasus/pycbc-search/run0476/00/02/page_foreground_ID71_ID0000098.meta,/mnt/poseidon-data/poseidon/workflows/pycbc/search/poseidon/submit/poseidon/pegasus/pycbc-search/run0476/00/01/page_ifar_ID80_ID0000089.meta,/mnt/poseidon-data/poseidon/workflows/pycbc/search/poseidon/submit/poseidon/pegasus/pycbc-search/run0476/00/02/page_ifar_ID80_ID0000123.meta,/mnt/poseidon-data/poseidon/workflows/pycbc/search/poseidon/submit/poseidon/pegasus/pycbc-search/run0476/00/02/plot_snrifar_ID76_ID0000120.meta,/mnt/poseidon-data/poseidon/workflows/pycbc/search/poseidon/submit/poseidon/pegasus/pycbc-search/run0476/00/02/page_foreground_ID71_ID0000112.meta,/mnt/poseidon-data/poseidon/workflows/pycbc/search/poseidon/submit/poseidon/pegasus/pycbc-search/run0476/00/02/page_ifar_ID80_ID0000103.meta,/mnt/poseidon-data/poseidon/workflows/pycbc/search/poseidon/submit/poseidon/pegasus/pycbc-search/run0476/00/02/plot_snrratehist_ID78_ID0000108.meta,/mnt/poseidon-data/poseidon/workflows/pycbc/search/poseidon/submit/poseidon/pegasus/pycbc-search/run0476/00/02/page_foreground_ID71_ID0000130.meta --insert /mnt/poseidon-data/poseidon/workflows/pycbc/search/poseidon/submit/poseidon/pegasus/pycbc-search/run0476/00/03/register_condorpool_9_3.in",3.1,0,0,,,,,,,,,
register_condorpool_9_5,None,auxiliary,0,1716791030.0,,,1716791035.0,,,0.0,1716791035.0,1716791040.0,,,0.0,1716791040.0,1716791045.0,5.0,,0.0,5.0,5.0,,,,,poseidon,local,poseidon-submit,pegasus::rc-client,/mnt/poseidon-data/poseidon/pegasus-5.1.0panorama/bin/pegasus-rc-client,"pegasus-kickstart  -n pegasus::rc-client -N null -R local  -L pycbc-search -T 2024-03-27T21:26:08+00:00 /home/poseidon/pegasus-5.1.0panorama/bin/pegasus-rc-client --prefix pegasus.catalog.replica.output --conf /mnt/poseidon-data/poseidon/workflows/pycbc/search/poseidon/submit/poseidon/pegasus/pycbc-search/run0476/pegasus.5909648066408654216.properties -v --meta /mnt/poseidon-data/poseidon/workflows/pycbc/search/poseidon/submit/poseidon/pegasus/pycbc-search/run0476/00/02/plot_snrifar_ID76_ID0000113.meta,/mnt/poseidon-data/poseidon/workflows/pycbc/search/poseidon/submit/poseidon/pegasus/pycbc-search/run0476/00/02/page_ifar_ID80_ID0000111.meta,/mnt/poseidon-data/poseidon/workflows/pycbc/search/poseidon/submit/poseidon/pegasus/pycbc-search/run0476/00/02/plot_snrratehist_ID78_ID0000094.meta,/mnt/poseidon-data/poseidon/workflows/pycbc/search/poseidon/submit/poseidon/pegasus/pycbc-search/run0476/00/02/page_foreground_ID71_ID0000124.meta,/mnt/poseidon-data/poseidon/workflows/pycbc/search/poseidon/submit/poseidon/pegasus/pycbc-search/run0476/00/02/plot_snrifar_ID76_ID0000128.meta,/mnt/poseidon-data/poseidon/workflows/pycbc/search/poseidon/submit/poseidon/pegasus/pycbc-search/run0476/00/02/page_foreground_ID71_ID0000105.meta,/mnt/poseidon-data/poseidon/workflows/pycbc/search/poseidon/submit/poseidon/pegasus/pycbc-search/run0476/00/02/page_ifar_ID80_ID0000096.meta,/mnt/poseidon-data/poseidon/workflows/pycbc/search/poseidon/submit/poseidon/pegasus/pycbc-search/run0476/00/02/page_ifar_ID80_ID0000090.meta,/mnt/poseidon-data/poseidon/workflows/pycbc/search/poseidon/submit/poseidon/pegasus/pycbc-search/run0476/00/02/page_ifar_ID80_ID0000129.meta --insert /mnt/poseidon-data/poseidon/workflows/pycbc/search/poseidon/submit/poseidon/pegasus/pycbc-search/run0476/00/03/register_condorpool_9_5.in",3.3,0,0,,,,,,,,,
register_condorpool_9_0,None,auxiliary,0,1716791035.0,,,1716791045.0,,,0.0,1716791045.0,1716791050.0,,,0.0,1716791050.0,1716791055.0,10.0,,0.0,5.0,5.0,,,,,poseidon,local,poseidon-submit,pegasus::rc-client,/mnt/poseidon-data/poseidon/pegasus-5.1.0panorama/bin/pegasus-rc-client,"pegasus-kickstart  -n pegasus::rc-client -N null -R local  -L pycbc-search -T 2024-03-27T21:26:08+00:00 /home/poseidon/pegasus-5.1.0panorama/bin/pegasus-rc-client --prefix pegasus.catalog.replica.output --conf /mnt/poseidon-data/poseidon/workflows/pycbc/search/poseidon/submit/poseidon/pegasus/pycbc-search/run0476/pegasus.5909648066408654216.properties -v --meta /mnt/poseidon-data/poseidon/workflows/pycbc/search/poseidon/submit/poseidon/pegasus/pycbc-search/run0476/00/01/page_foreground_ID71_ID0000091.meta,/mnt/poseidon-data/poseidon/workflows/pycbc/search/poseidon/submit/poseidon/pegasus/pycbc-search/run0476/00/02/statmap_inj_ID135_ID0000146.meta,/mnt/poseidon-data/poseidon/workflows/pycbc/search/poseidon/submit/poseidon/pegasus/pycbc-search/run0476/00/02/statmap_inj_ID135_ID0000148.meta,/mnt/poseidon-data/poseidon/workflows/pycbc/search/poseidon/submit/poseidon/pegasus/pycbc-search/run0476/00/02/plot_snrifar_ID76_ID0000109.meta,/mnt/poseidon-data/poseidon/workflows/pycbc/search/poseidon/submit/poseidon/pegasus/pycbc-search/run0476/00/02/plot_snrratehist_ID78_ID0000121.meta,/mnt/poseidon-data/poseidon/workflows/pycbc/search/poseidon/submit/poseidon/pegasus/pycbc-search/run0476/00/02/sngls_statmap_inj_ID143_ID0000156.meta,/mnt/poseidon-data/poseidon/workflows/pycbc/search/poseidon/submit/poseidon/pegasus/pycbc-search/run0476/00/02/plot_snrifar_ID76_ID0000095.meta,/mnt/poseidon-data/poseidon/workflows/pycbc/search/poseidon/submit/poseidon/pegasus/pycbc-search/run0476/00/02/statmap_inj_ID135_ID0000144.meta,/mnt/poseidon-data/poseidon/workflows/pycbc/search/poseidon/submit/poseidon/pegasus/pycbc-search/run0476/00/02/plot_snrifar_ID76_ID0000116.meta --insert /mnt/poseidon-data/poseidon/workflows/pycbc/search/poseidon/submit/poseidon/pegasus/pycbc-search/run0476/00/03/register_condorpool_9_0.in",3.3,0,0,,,,,,,,,
register_condorpool_9_2,None,auxiliary,0,1716791040.0,,,1716791075.0,,,0.0,1716791075.0,1716791080.0,,,0.0,1716791080.0,1716791085.0,35.0,,0.0,5.0,5.0,,,,,poseidon,local,poseidon-submit,pegasus::rc-client,/mnt/poseidon-data/poseidon/pegasus-5.1.0panorama/bin/pegasus-rc-client,"pegasus-kickstart  -n pegasus::rc-client -N null -R local  -L pycbc-search -T 2024-03-27T21:26:08+00:00 /home/poseidon/pegasus-5.1.0panorama/bin/pegasus-rc-client --prefix pegasus.catalog.replica.output --conf /mnt/poseidon-data/poseidon/workflows/pycbc/search/poseidon/submit/poseidon/pegasus/pycbc-search/run0476/pegasus.5909648066408654216.properties -v --meta /mnt/poseidon-data/poseidon/workflows/pycbc/search/poseidon/submit/poseidon/pegasus/pycbc-search/run0476/00/02/plot_snrifar_ID76_ID0000106.meta,/mnt/poseidon-data/poseidon/workflows/pycbc/search/poseidon/submit/poseidon/pegasus/pycbc-search/run0476/00/02/plot_snrifar_ID76_ID0000099.meta,/mnt/poseidon-data/poseidon/workflows/pycbc/search/poseidon/submit/poseidon/pegasus/pycbc-search/run0476/00/02/sngls_statmap_inj_ID143_ID0000154.meta,/mnt/poseidon-data/poseidon/workflows/pycbc/search/poseidon/submit/poseidon/pegasus/pycbc-search/run0476/00/02/plot_snrifar_ID76_ID0000126.meta,/mnt/poseidon-data/poseidon/workflows/pycbc/search/poseidon/submit/poseidon/pegasus/pycbc-search/run0476/00/02/sngls_statmap_inj_ID143_ID0000152.meta,/mnt/poseidon-data/poseidon/workflows/pycbc/search/poseidon/submit/poseidon/pegasus/pycbc-search/run0476/00/02/plot_snrifar_ID76_ID0000107.meta,/mnt/poseidon-data/poseidon/workflows/pycbc/search/poseidon/submit/poseidon/pegasus/pycbc-search/run0476/00/02/plot_snrratehist_ID78_ID0000101.meta,/mnt/poseidon-data/poseidon/workflows/pycbc/search/poseidon/submit/poseidon/pegasus/pycbc-search/run0476/00/01/plot_snrratehist_ID78_ID0000087.meta,/mnt/poseidon-data/poseidon/workflows/pycbc/search/poseidon/submit/poseidon/pegasus/pycbc-search/run0476/00/02/plot_snrifar_ID76_ID0000093.meta --insert /mnt/poseidon-data/poseidon/workflows/pycbc/search/poseidon/submit/poseidon/pegasus/pycbc-search/run0476/00/03/register_condorpool_9_2.in",3.2,0,0,,,,,,,,,
register_condorpool_9_1,None,auxiliary,0,1716791040.0,,,1716791065.0,,,0.0,1716791065.0,1716791070.0,,,0.0,1716791070.0,1716791075.0,25.0,,0.0,5.0,5.0,,,,,poseidon,local,poseidon-submit,pegasus::rc-client,/mnt/poseidon-data/poseidon/pegasus-5.1.0panorama/bin/pegasus-rc-client,"pegasus-kickstart  -n pegasus::rc-client -N null -R local  -L pycbc-search -T 2024-03-27T21:26:08+00:00 /home/poseidon/pegasus-5.1.0panorama/bin/pegasus-rc-client --prefix pegasus.catalog.replica.output --conf /mnt/poseidon-data/poseidon/workflows/pycbc/search/poseidon/submit/poseidon/pegasus/pycbc-search/run0476/pegasus.5909648066408654216.properties -v --meta /mnt/poseidon-data/poseidon/workflows/pycbc/search/poseidon/submit/poseidon/pegasus/pycbc-search/run0476/00/02/statmap_inj_ID135_ID0000150.meta,/mnt/poseidon-data/poseidon/workflows/pycbc/search/poseidon/submit/poseidon/pegasus/pycbc-search/run0476/00/02/plot_snrifar_ID76_ID0000102.meta,/mnt/poseidon-data/poseidon/workflows/pycbc/search/poseidon/submit/poseidon/pegasus/pycbc-search/run0476/00/01/plot_snrifar_ID76_ID0000088.meta,/mnt/poseidon-data/poseidon/workflows/pycbc/search/poseidon/submit/poseidon/pegasus/pycbc-search/run0476/00/02/page_ifar_ID80_ID0000097.meta,/mnt/poseidon-data/poseidon/workflows/pycbc/search/poseidon/submit/poseidon/pegasus/pycbc-search/run0476/00/02/plot_snrifar_ID76_ID0000125.meta,/mnt/poseidon-data/poseidon/workflows/pycbc/search/poseidon/submit/poseidon/pegasus/pycbc-search/run0476/00/02/plot_snrifar_ID76_ID0000085.meta,/mnt/poseidon-data/poseidon/workflows/pycbc/search/poseidon/submit/poseidon/pegasus/pycbc-search/run0476/00/02/plot_snrifar_ID76_ID0000119.meta,/mnt/poseidon-data/poseidon/workflows/pycbc/search/poseidon/submit/poseidon/pegasus/pycbc-search/run0476/00/02/plot_snrifar_ID76_ID0000114.meta,/mnt/poseidon-data/poseidon/workflows/pycbc/search/poseidon/submit/poseidon/pegasus/pycbc-search/run0476/00/02/plot_snrifar_ID76_ID0000100.meta --insert /mnt/poseidon-data/poseidon/workflows/pycbc/search/poseidon/submit/poseidon/pegasus/pycbc-search/run0476/00/03/register_condorpool_9_1.in",3.1,0,0,,,,,,,,,
stage_out_local_condorpool_9_4,None,transfer,0,1716791095.0,,,1716791100.0,,,0.0,1716791100.0,1716791110.0,1716791100.0,1716791104.0,35641885.0,1716791110.0,1716791115.0,5.0,,0.0,10.0,5.0,,,4.0,143832637.0,poseidon,local,poseidon-submit,pegasus::transfer,/mnt/poseidon-data/poseidon/pegasus-5.1.0panorama/bin/pegasus-transfer,pegasus-kickstart  -n pegasus::transfer -N null -i - -R local  -L pycbc-search -T 2024-03-27T21:26:08+00:00 pegasus-transfer  --threads 2,1.5,0,0,,,,,,,,,
register_condorpool_9_4,None,auxiliary,0,1716791115.0,,,1716791120.0,,,0.0,1716791120.0,1716791125.0,,,0.0,1716791125.0,1716791130.0,5.0,,0.0,5.0,5.0,,,,,poseidon,local,poseidon-submit,pegasus::rc-client,/mnt/poseidon-data/poseidon/pegasus-5.1.0panorama/bin/pegasus-rc-client,"pegasus-kickstart  -n pegasus::rc-client -N null -R local  -L pycbc-search -T 2024-03-27T21:26:08+00:00 /home/poseidon/pegasus-5.1.0panorama/bin/pegasus-rc-client --prefix pegasus.catalog.replica.output --conf /mnt/poseidon-data/poseidon/workflows/pycbc/search/poseidon/submit/poseidon/pegasus/pycbc-search/run0476/pegasus.5909648066408654216.properties -v --meta /mnt/poseidon-data/poseidon/workflows/pycbc/search/poseidon/submit/poseidon/pegasus/pycbc-search/run0476/00/02/page_ifar_ID80_ID0000104.meta,/mnt/poseidon-data/poseidon/workflows/pycbc/search/poseidon/submit/poseidon/pegasus/pycbc-search/run0476/00/02/plot_snrifar_ID76_ID0000122.meta,/mnt/poseidon-data/poseidon/workflows/pycbc/search/poseidon/submit/poseidon/pegasus/pycbc-search/run0476/00/02/plot_snrifar_ID76_ID0000092.meta,/mnt/poseidon-data/poseidon/workflows/pycbc/search/poseidon/submit/poseidon/pegasus/pycbc-search/run0476/00/02/combine_statmap_ID36_ID0000037.meta,/mnt/poseidon-data/poseidon/workflows/pycbc/search/poseidon/submit/poseidon/pegasus/pycbc-search/run0476/00/02/page_foreground_ID71_ID0000118.meta,/mnt/poseidon-data/poseidon/workflows/pycbc/search/poseidon/submit/poseidon/pegasus/pycbc-search/run0476/00/01/plot_snrifar_ID76_ID0000086.meta,/mnt/poseidon-data/poseidon/workflows/pycbc/search/poseidon/submit/poseidon/pegasus/pycbc-search/run0476/00/02/plot_snrratehist_ID78_ID0000127.meta,/mnt/poseidon-data/poseidon/workflows/pycbc/search/poseidon/submit/poseidon/pegasus/pycbc-search/run0476/00/02/page_ifar_ID80_ID0000110.meta,/mnt/poseidon-data/poseidon/workflows/pycbc/search/poseidon/submit/poseidon/pegasus/pycbc-search/run0476/00/02/page_ifar_ID80_ID0000117.meta --insert /mnt/poseidon-data/poseidon/workflows/pycbc/search/poseidon/submit/poseidon/pegasus/pycbc-search/run0476/00/03/register_condorpool_9_4.in",3.3,0,0,,,,,,,,,
plot_singles_ID51_ID0000056,hdd_10,compute,0,1716791155.0,,,1716791160.0,1716791180.0,1716791200.0,136589370.4,1716791179.0,1716791481.0,1716791465.0,1716791468.0,22473.0,1716791481.0,1716791486.0,5.0,,19.0,302.0,5.0,20.0,1385769397.0,3.0,62954.0,poseidon,condorpool,poseidon-worker-1-container-44-47,plot_singles_ID51,/usr/local/bin/pycbc_plot_singles_vs_params,,3.0,0,0,,,,,,,,,
plot_hist_ID52_ID0000061,None,compute,0,1716791155.0,,,1716791160.0,1716791300.0,1716791318.0,112351621.2,1716791160.0,1716791737.0,1716791725.0,1716791728.0,3682.0,1716791737.0,1716791742.0,5.0,,0.0,577.0,5.0,18.0,1385319114.0,3.0,12072.0,poseidon,condorpool,poseidon-worker-2-container-32-35,plot_hist_ID52,/usr/local/bin/pycbc_plot_hist,,3.1,0,0,,,,,,,,,
plot_hist_ID52_ID0000062,None,compute,0,1716791155.0,,,1716791160.0,1716791300.0,1716791320.0,96261864.1,1716791160.0,1716791737.0,1716791725.0,1716791728.0,3620.0,1716791737.0,1716791742.0,5.0,,0.0,577.0,5.0,20.0,1385319114.0,3.0,11883.0,poseidon,condorpool,poseidon-worker-2-container-40-43,plot_hist_ID52,/usr/local/bin/pycbc_plot_hist,,3.2,0,0,,,,,,,,,
plot_hist_ID52_ID0000053,None,compute,0,1716791155.0,,,1716791160.0,1716791300.0,1716791320.0,101960648.4,1716791160.0,1716791867.0,1716791725.0,1716791859.0,166.0,1716791867.0,1716791872.0,5.0,,0.0,707.0,5.0,20.0,1386146934.0,134.0,22328.0,poseidon,condorpool,poseidon-worker-2-container-24-27,plot_hist_ID52,/usr/local/bin/pycbc_plot_hist,,3.0,0,0,,,,,,,,,
plot_hist_ID52_ID0000054,None,compute,0,1716791155.0,,,1716791160.0,1716791300.0,1716791324.0,77433395.8,1716791160.0,1716791737.0,1716791725.0,1716791728.0,3819.0,1716791737.0,1716791742.0,5.0,,0.0,577.0,5.0,24.0,1386146934.0,3.0,12415.0,poseidon,condorpool,poseidon-worker-2-container-44-47,plot_hist_ID52,/usr/local/bin/pycbc_plot_hist,,2.9,0,0,,,,,,,,,
plot_snrchi_ID48_ID0000049,None,compute,0,1716791155.0,,,1716791160.0,1716791161.0,1716791177.0,144028987.6,1716791160.0,1716791471.0,1716791462.0,1716791465.0,52132.0,1716791471.0,1716791476.0,5.0,,0.0,311.0,5.0,16.0,1386146934.0,3.0,143314.0,poseidon,condorpool,poseidon-worker-1-container-4-7,plot_snrchi_ID48,/usr/local/bin/pycbc_page_snrchi,,3.2,0,0,,,,,,,,,
plot_snrchi_ID48_ID0000051,None,compute,0,1716791155.0,,,1716791160.0,1716791161.0,1716791177.0,140087567.7,1716791160.0,1716791471.0,1716791462.0,1716791465.0,90700.0,1716791471.0,1716791476.0,5.0,,0.0,311.0,5.0,16.0,1385319114.0,3.0,251125.0,poseidon,condorpool,poseidon-worker-1-container-12-15,plot_snrchi_ID48,/usr/local/bin/pycbc_page_snrchi,,3.6,0,0,,,,,,,,,
plot_snrchi_ID48_ID0000050,hdd_10,compute,0,1716791155.0,,,1716791160.0,1716791302.0,1716791426.0,11806224.9,1716791301.0,1716791747.0,1716791725.0,1716791728.0,49330.0,1716791747.0,1716791752.0,5.0,,141.0,446.0,5.0,124.0,1385736207.0,3.0,164217.0,poseidon,condorpool,poseidon-worker-2-container-16-19,plot_snrchi_ID48,/usr/local/bin/pycbc_page_snrchi,,3.4,0,0,,,,,,,,,
plot_binnedhist_ID54_ID0000055,None,compute,0,1716791155.0,,,1716791160.0,1716791300.0,1716791318.0,115744255.5,1716791160.0,1716791737.0,1716791725.0,1716791728.0,27882.0,1716791737.0,1716791742.0,5.0,,0.0,577.0,5.0,18.0,1386180124.0,3.0,90738.0,poseidon,condorpool,poseidon-worker-2-container-24-27,plot_binnedhist_ID54,/usr/local/bin/pycbc_fit_sngls_split_binned,,4.1,0,0,,,,,,,,,
plot_binnedhist_ID54_ID0000059,None,compute,0,1716791155.0,,,1716791160.0,1716791300.0,1716791322.0,88797998.1,1716791160.0,1716791737.0,1716791725.0,1716791727.0,33532.0,1716791737.0,1716791742.0,5.0,,0.0,577.0,5.0,22.0,1385769397.0,2.0,90652.0,poseidon,condorpool,poseidon-worker-2-container-28-31,plot_binnedhist_ID54,/usr/local/bin/pycbc_fit_sngls_split_binned,,3.9,0,0,,,,,,,,,
plot_hist_ID52_ID0000057,None,compute,0,1716791155.0,,,1716791160.0,1716791300.0,1716791321.0,96198191.1,1716791160.0,1716791737.0,1716791725.0,1716791728.0,3445.0,1716791737.0,1716791742.0,5.0,,0.0,577.0,5.0,21.0,1385736207.0,3.0,11275.0,poseidon,condorpool,poseidon-worker-2-container-28-31,plot_hist_ID52,/usr/local/bin/pycbc_plot_hist,,3.1,0,0,,,,,,,,,
plot_singles_ID51_ID0000052,None,compute,0,1716791155.0,,,1716791160.0,1716791300.0,1716791324.0,79948210.8,1716791160.0,1716791737.0,1716791725.0,1716791728.0,17871.0,1716791737.0,1716791742.0,5.0,,0.0,577.0,5.0,24.0,1386180124.0,3.0,58707.0,poseidon,condorpool,poseidon-worker-2-container-44-47,plot_singles_ID51,/usr/local/bin/pycbc_plot_singles_vs_params,,3.0,0,0,,,,,,,,,
plot_singles_ID51_ID0000060,None,compute,0,1716791155.0,,,1716791160.0,1716791300.0,1716791320.0,97999633.4,1716791160.0,1716791877.0,1716791725.0,1716791869.0,737.0,1716791877.0,1716791882.0,5.0,,0.0,717.0,5.0,20.0,1385352304.0,144.0,106510.0,poseidon,condorpool,poseidon-worker-2-container-28-31,plot_singles_ID51,/usr/local/bin/pycbc_plot_singles_vs_params,,3.3,0,0,,,,,,,,,
plot_binnedhist_ID54_ID0000063,hdd_10,compute,0,1716791155.0,,,1716791160.0,1716791301.0,1716791358.0,27002560.2,1716791300.0,1716791747.0,1716791725.0,1716791728.0,28256.0,1716791747.0,1716791752.0,5.0,,140.0,447.0,5.0,57.0,1385352304.0,3.0,92436.0,poseidon,condorpool,poseidon-worker-2-container-16-19,plot_binnedhist_ID54,/usr/local/bin/pycbc_fit_sngls_split_binned,,3.9,0,0,,,,,,,,,
plot_hist_ID52_ID0000058,None,compute,0,1716791155.0,,,1716791160.0,1716791300.0,1716791321.0,91843862.7,1716791160.0,1716791737.0,1716791725.0,1716791728.0,3878.0,1716791737.0,1716791742.0,5.0,,0.0,577.0,5.0,21.0,1385736207.0,3.0,12570.0,poseidon,condorpool,poseidon-worker-2-container-44-47,plot_hist_ID52,/usr/local/bin/pycbc_plot_hist,,3.4,0,0,,,,,,,,,
single_template_plot_ID4_ID0000005_pegasus-plan_ID0000084,hdd_10,compute,0,1716791158.0,,,1716791163.0,1716791180.0,1716791200.0,143429131.0,1716791179.0,1716791483.0,1716791465.0,1716791468.0,46555.0,1716791483.0,1716791488.0,5.0,,16.0,304.0,5.0,20.0,1389826192.0,3.0,129581.0,poseidon,condorpool,poseidon-worker-1-container-44-47,single_template_plot_ID4,/usr/local/bin/pycbc_single_template_plot,,2.9,0,0,,,,,,,,,
hdfinjfind_ID149_ID0000159,None,compute,0,1716791195.0,,,1716791200.0,1716791463.0,1716791479.0,127729963.8,1716791200.0,1716791621.0,1716791611.0,1716791614.0,33095.0,1716791621.0,1716791626.0,5.0,,0.0,421.0,5.0,16.0,1380017447.0,3.0,102324.0,poseidon,condorpool,poseidon-worker-1-container-12-15,hdfinjfind_ID149,/usr/local/bin/pycbc_coinc_hdfinjfind,,2.2,0,0,,,,,,,,,
hdfinjfind_ID149_ID0000158,None,compute,0,1716791195.0,,,1716791200.0,1716791463.0,1716791479.0,136030781.8,1716791200.0,1716791621.0,1716791611.0,1716791614.0,32654.0,1716791621.0,1716791626.0,5.0,,0.0,421.0,5.0,16.0,1380017447.0,3.0,102324.0,poseidon,condorpool,poseidon-worker-1-container-4-7,hdfinjfind_ID149,/usr/local/bin/pycbc_coinc_hdfinjfind,,2.4,0,0,,,,,,,,,
stage_out_local_condorpool_10_0,None,transfer,0,1716791195.0,,,1716791200.0,,,0.0,1716791200.0,1716791210.0,1716791200.0,1716791204.0,72769.0,1716791210.0,1716791215.0,5.0,,0.0,10.0,5.0,,,4.0,293743.0,poseidon,local,poseidon-submit,pegasus::transfer,/mnt/poseidon-data/poseidon/pegasus-5.1.0panorama/bin/pegasus-transfer,pegasus-kickstart  -n pegasus::transfer -N null -i - -R local  -L pycbc-search -T 2024-03-27T21:26:08+00:00 pegasus-transfer  --threads 2,0.8,0,0,,,,,,,,,
single_template_plot_ID4_ID0000009_pegasus-plan_ID0000084,None,compute,0,1716791198.0,,,1716791203.0,1716791463.0,1716791482.0,111735187.0,1716791462.0,1716791623.0,1716791611.0,1716791614.0,34698.0,1716791623.0,1716791628.0,5.0,,259.0,161.0,5.0,19.0,1389826192.0,3.0,108776.0,poseidon,condorpool,poseidon-worker-1-container-12-15,single_template_plot_ID4,/usr/local/bin/pycbc_single_template_plot,,2.8,0,0,,,,,,,,,
single_template_plot_ID4_ID0000005_pegasus-plan_ID0000082,hdd_10,compute,0,1716791198.0,,,1716791203.0,1716791463.0,1716791480.0,136379802.6,1716791463.0,1716791623.0,1716791611.0,1716791614.0,35430.0,1716791623.0,1716791628.0,5.0,,260.0,160.0,5.0,17.0,1389826192.0,3.0,110810.0,poseidon,condorpool,poseidon-worker-1-container-44-47,single_template_plot_ID4,/usr/local/bin/pycbc_single_template_plot,,3.1,0,0,,,,,,,,,
single_template_plot_ID4_ID0000007_pegasus-plan_ID0000082,hdd_10,compute,0,1716791198.0,,,1716791203.0,1716791302.0,1716791448.0,9942715.0,1716791301.0,1716791748.0,1716791725.0,1716791728.0,29974.0,1716791748.0,1716791753.0,5.0,,98.0,447.0,5.0,146.0,1389826192.0,3.0,99103.0,poseidon,condorpool,poseidon-worker-2-container-16-19,single_template_plot_ID4,/usr/local/bin/pycbc_single_template_plot,,2.7,0,0,,,,,,,,,
single_template_plot_ID4_ID0000009_pegasus-plan_ID0000082,None,compute,0,1716791198.0,,,1716791203.0,1716791463.0,1716791481.0,113889462.7,1716791462.0,1716791623.0,1716791611.0,1716791614.0,35303.0,1716791623.0,1716791628.0,5.0,,259.0,161.0,5.0,18.0,1389826192.0,3.0,110741.0,poseidon,condorpool,poseidon-worker-1-container-24-27,single_template_plot_ID4,/usr/local/bin/pycbc_single_template_plot,,2.8,0,0,,,,,,,,,
register_condorpool_10_0,None,auxiliary,0,1716791215.0,,,1716791220.0,,,0.0,1716791220.0,1716791225.0,,,0.0,1716791225.0,1716791230.0,5.0,,0.0,5.0,5.0,,,,,poseidon,local,poseidon-submit,pegasus::rc-client,/mnt/poseidon-data/poseidon/pegasus-5.1.0panorama/bin/pegasus-rc-client,"pegasus-kickstart  -n pegasus::rc-client -N null -R local  -L pycbc-search -T 2024-03-27T21:26:08+00:00 /home/poseidon/pegasus-5.1.0panorama/bin/pegasus-rc-client --prefix pegasus.catalog.replica.output --conf /mnt/poseidon-data/poseidon/workflows/pycbc/search/poseidon/submit/poseidon/pegasus/pycbc-search/run0476/pegasus.5909648066408654216.properties -v --meta /mnt/poseidon-data/poseidon/workflows/pycbc/search/poseidon/submit/poseidon/pegasus/pycbc-search/run0476/00/03/page_foreground_ID71_ID0000079.meta,/mnt/poseidon-data/poseidon/workflows/pycbc/search/poseidon/submit/poseidon/pegasus/pycbc-search/run0476/00/03/page_ifar_catalog_ID70_ID0000077.meta,/mnt/poseidon-data/poseidon/workflows/pycbc/search/poseidon/submit/poseidon/pegasus/pycbc-search/run0476/00/03/combine_statmap_ID36_ID0000157.meta,/mnt/poseidon-data/poseidon/workflows/pycbc/search/poseidon/submit/poseidon/pegasus/pycbc-search/run0476/00/03/page_foreground_ID71_ID0000078.meta,/mnt/poseidon-data/poseidon/workflows/pycbc/search/poseidon/submit/poseidon/pegasus/pycbc-search/run0476/00/02/page_foreground_ID71_ID0000080.meta,/mnt/poseidon-data/poseidon/workflows/pycbc/search/poseidon/submit/poseidon/pegasus/pycbc-search/run0476/00/03/foreground_censor_ID37_ID0000038.meta --insert /mnt/poseidon-data/poseidon/workflows/pycbc/search/poseidon/submit/poseidon/pegasus/pycbc-search/run0476/00/03/register_condorpool_10_0.in",3.1,0,0,,,,,,,,,
stage_out_local_condorpool_0_1_pegasus-plan_ID0000084,None,transfer,0,1716791338.0,,,1716791343.0,,,0.0,1716791343.0,1716791353.0,1716791344.0,1716791348.0,287936.0,1716791353.0,1716791358.0,5.0,,0.0,10.0,5.0,,,4.0,1161109.0,poseidon,local,poseidon-submit,pegasus::transfer,/mnt/poseidon-data/poseidon/pegasus-5.1.0panorama/bin/pegasus-transfer,/home/poseidon/pegasus-5.1.0panorama/bin/../bin/pegasus-kickstart  -n pegasus::transfer -N null -i - -R local  -L H1L1V1-FOREGROUND_MINIFOLLOWUP_FULL_DATA_BACKGROUND-1186740100-3400 -T 2024-03-13T22:37:56+00:00 /home/poseidon/pegasus-5.1.0panorama/bin/../bin/pegasus-transfer  --threads 2,0.8,0,0,,,,,,,,,
register_condorpool_0_1_pegasus-plan_ID0000084,None,auxiliary,0,1716791358.0,,,1716791363.0,,,0.0,1716791363.0,1716791368.0,,,0.0,1716791368.0,1716791373.0,5.0,,0.0,5.0,5.0,,,,,poseidon,local,poseidon-submit,pegasus::rc-client,/mnt/poseidon-data/poseidon/pegasus-5.1.0panorama/bin/pegasus-rc-client,"-n pegasus::rc-client -N null -R local  -L H1L1V1-FOREGROUND_MINIFOLLOWUP_FULL_DATA_BACKGROUND-1186740100-3400 -T 2024-03-13T22:37:56+00:00 /home/poseidon/pegasus-5.1.0panorama/bin/pegasus-rc-client --prefix pegasus.catalog.replica.output --conf /mnt/poseidon-data/poseidon/workflows/pycbc/search/poseidon/submit/poseidon/pegasus/pycbc-search/run0476/00/03/./H1L1V1-FOREGROUND_MINIFOLLOWUP_FULL_DATA_BACKGROUND-1186740100-3400.dax_ID0000084.000/pegasus.9230813452675867407.properties -v --meta /mnt/poseidon-data/poseidon/workflows/pycbc/search/poseidon/submit/poseidon/pegasus/pycbc-search/run0476/00/03/./H1L1V1-FOREGROUND_MINIFOLLOWUP_FULL_DATA_BACKGROUND-1186740100-3400.dax_ID0000084.000/00/00/plot_trigger_timeseries_ID1_ID0000003.meta,/mnt/poseidon-data/poseidon/workflows/pycbc/search/poseidon/submit/poseidon/pegasus/pycbc-search/run0476/00/03/./H1L1V1-FOREGROUND_MINIFOLLOWUP_FULL_DATA_BACKGROUND-1186740100-3400.dax_ID0000084.000/00/00/plot_singles_timefreq_ID9_ID0000014.meta,/mnt/poseidon-data/poseidon/workflows/pycbc/search/poseidon/submit/poseidon/pegasus/pycbc-search/run0476/00/03/./H1L1V1-FOREGROUND_MINIFOLLOWUP_FULL_DATA_BACKGROUND-1186740100-3400.dax_ID0000084.000/00/00/plot_trigger_timeseries_ID1_ID0000002.meta,/mnt/poseidon-data/poseidon/workflows/pycbc/search/poseidon/submit/poseidon/pegasus/pycbc-search/run0476/00/03/./H1L1V1-FOREGROUND_MINIFOLLOWUP_FULL_DATA_BACKGROUND-1186740100-3400.dax_ID0000084.000/00/00/plot_singles_timefreq_ID9_ID0000010.meta,/mnt/poseidon-data/poseidon/workflows/pycbc/search/poseidon/submit/poseidon/pegasus/pycbc-search/run0476/00/03/./H1L1V1-FOREGROUND_MINIFOLLOWUP_FULL_DATA_BACKGROUND-1186740100-3400.dax_ID0000084.000/00/00/plot_qscan_ID10_ID0000015.meta,/mnt/poseidon-data/poseidon/workflows/pycbc/search/poseidon/submit/poseidon/pegasus/pycbc-search/run0476/00/03/./H1L1V1-FOREGROUND_MINIFOLLOWUP_FULL_DATA_BACKGROUND-1186740100-3400.dax_ID0000084.000/00/00/page_coincinfo_ID0_ID0000001.meta --insert /mnt/poseidon-data/poseidon/workflows/pycbc/search/poseidon/submit/poseidon/pegasus/pycbc-search/run0476/00/03/./H1L1V1-FOREGROUND_MINIFOLLOWUP_FULL_DATA_BACKGROUND-1186740100-3400.dax_ID0000084.000/00/00/register_condorpool_0_1.in",3.2,0,0,,,,,,,,,
stage_out_local_condorpool_0_0_pegasus-plan_ID0000082,None,transfer,0,1716791478.0,,,1716791483.0,,,0.0,1716791489.0,1716791498.0,1716791489.0,1716791493.0,243975.0,1716791498.0,1716791503.0,5.0,,6.0,9.0,5.0,,,4.0,984959.0,poseidon,local,poseidon-submit,pegasus::transfer,/mnt/poseidon-data/poseidon/pegasus-5.1.0panorama/bin/pegasus-transfer,/home/poseidon/pegasus-5.1.0panorama/bin/../bin/pegasus-kickstart  -n pegasus::transfer -N null -i - -R local  -L H1L1V1-FOREGROUND_MINIFOLLOWUP_FULL_DATA_FOREGROUND-1186740100-3400 -T 2024-03-13T22:37:56+00:00 /home/poseidon/pegasus-5.1.0panorama/bin/../bin/pegasus-transfer  --threads 2,0.6,0,0,,,,,,,,,
single_template_plot_ID4_ID0000007_pegasus-plan_ID0000084,None,compute,0,1716791478.0,,,1716791483.0,1716791484.0,1716791500.0,135072026.2,1716791484.0,1716791623.0,1716791611.0,1716791614.0,39391.0,1716791623.0,1716791628.0,5.0,,1.0,139.0,5.0,16.0,1389826192.0,3.0,123543.0,poseidon,condorpool,poseidon-worker-1-container-20-23,single_template_plot_ID4,/usr/local/bin/pycbc_single_template_plot,,2.9,0,0,,,,,,,,,
stage_out_local_condorpool_0_1_pegasus-plan_ID0000082,None,transfer,0,1716791478.0,,,1716791483.0,,,0.0,1716791489.0,1716791498.0,1716791489.0,1716791493.0,294897.0,1716791498.0,1716791503.0,5.0,,6.0,9.0,5.0,,,4.0,1189715.0,poseidon,local,poseidon-submit,pegasus::transfer,/mnt/poseidon-data/poseidon/pegasus-5.1.0panorama/bin/pegasus-transfer,/home/poseidon/pegasus-5.1.0panorama/bin/../bin/pegasus-kickstart  -n pegasus::transfer -N null -i - -R local  -L H1L1V1-FOREGROUND_MINIFOLLOWUP_FULL_DATA_FOREGROUND-1186740100-3400 -T 2024-03-13T22:37:56+00:00 /home/poseidon/pegasus-5.1.0panorama/bin/../bin/pegasus-transfer  --threads 2,0.8,0,0,,,,,,,,,
stage_out_local_condorpool_0_0_pegasus-plan_ID0000084,None,transfer,0,1716791478.0,,,1716791483.0,,,0.0,1716791483.0,1716791493.0,1716791483.0,1716791487.0,254803.0,1716791493.0,1716791498.0,5.0,,0.0,10.0,5.0,,,4.0,1027618.0,poseidon,local,poseidon-submit,pegasus::transfer,/mnt/poseidon-data/poseidon/pegasus-5.1.0panorama/bin/pegasus-transfer,/home/poseidon/pegasus-5.1.0panorama/bin/../bin/pegasus-kickstart  -n pegasus::transfer -N null -i - -R local  -L H1L1V1-FOREGROUND_MINIFOLLOWUP_FULL_DATA_BACKGROUND-1186740100-3400 -T 2024-03-13T22:37:56+00:00 /home/poseidon/pegasus-5.1.0panorama/bin/../bin/pegasus-transfer  --threads 2,0.5,0,0,,,,,,,,,
register_condorpool_0_0_pegasus-plan_ID0000084,None,auxiliary,0,1716791498.0,,,1716791503.0,,,0.0,1716791503.0,1716791508.0,,,0.0,1716791508.0,1716791513.0,5.0,,0.0,5.0,5.0,,,,,poseidon,local,poseidon-submit,pegasus::rc-client,/mnt/poseidon-data/poseidon/pegasus-5.1.0panorama/bin/pegasus-rc-client,"-n pegasus::rc-client -N null -R local  -L H1L1V1-FOREGROUND_MINIFOLLOWUP_FULL_DATA_BACKGROUND-1186740100-3400 -T 2024-03-13T22:37:56+00:00 /home/poseidon/pegasus-5.1.0panorama/bin/pegasus-rc-client --prefix pegasus.catalog.replica.output --conf /mnt/poseidon-data/poseidon/workflows/pycbc/search/poseidon/submit/poseidon/pegasus/pycbc-search/run0476/00/03/./H1L1V1-FOREGROUND_MINIFOLLOWUP_FULL_DATA_BACKGROUND-1186740100-3400.dax_ID0000084.000/pegasus.9230813452675867407.properties -v --meta /mnt/poseidon-data/poseidon/workflows/pycbc/search/poseidon/submit/poseidon/pegasus/pycbc-search/run0476/00/03/./H1L1V1-FOREGROUND_MINIFOLLOWUP_FULL_DATA_BACKGROUND-1186740100-3400.dax_ID0000084.000/00/00/plot_singles_timefreq_ID9_ID0000012.meta,/mnt/poseidon-data/poseidon/workflows/pycbc/search/poseidon/submit/poseidon/pegasus/pycbc-search/run0476/00/03/./H1L1V1-FOREGROUND_MINIFOLLOWUP_FULL_DATA_BACKGROUND-1186740100-3400.dax_ID0000084.000/00/00/single_template_ID3_ID0000004.meta,/mnt/poseidon-data/poseidon/workflows/pycbc/search/poseidon/submit/poseidon/pegasus/pycbc-search/run0476/00/03/./H1L1V1-FOREGROUND_MINIFOLLOWUP_FULL_DATA_BACKGROUND-1186740100-3400.dax_ID0000084.000/00/00/plot_qscan_ID10_ID0000011.meta,/mnt/poseidon-data/poseidon/workflows/pycbc/search/poseidon/submit/poseidon/pegasus/pycbc-search/run0476/00/03/./H1L1V1-FOREGROUND_MINIFOLLOWUP_FULL_DATA_BACKGROUND-1186740100-3400.dax_ID0000084.000/00/00/single_template_ID3_ID0000008.meta,/mnt/poseidon-data/poseidon/workflows/pycbc/search/poseidon/submit/poseidon/pegasus/pycbc-search/run0476/00/03/./H1L1V1-FOREGROUND_MINIFOLLOWUP_FULL_DATA_BACKGROUND-1186740100-3400.dax_ID0000084.000/00/00/single_template_ID3_ID0000006.meta,/mnt/poseidon-data/poseidon/workflows/pycbc/search/poseidon/submit/poseidon/pegasus/pycbc-search/run0476/00/03/./H1L1V1-FOREGROUND_MINIFOLLOWUP_FULL_DATA_BACKGROUND-1186740100-3400.dax_ID0000084.000/00/00/plot_qscan_ID10_ID0000013.meta --insert /mnt/poseidon-data/poseidon/workflows/pycbc/search/poseidon/submit/poseidon/pegasus/pycbc-search/run0476/00/03/./H1L1V1-FOREGROUND_MINIFOLLOWUP_FULL_DATA_BACKGROUND-1186740100-3400.dax_ID0000084.000/00/00/register_condorpool_0_0.in",3.2,0,0,,,,,,,,,
register_condorpool_0_0_pegasus-plan_ID0000082,None,auxiliary,0,1716791503.0,,,1716791508.0,,,0.0,1716791508.0,1716791513.0,,,0.0,1716791513.0,1716791518.0,5.0,,0.0,5.0,5.0,,,,,poseidon,local,poseidon-submit,pegasus::rc-client,/mnt/poseidon-data/poseidon/pegasus-5.1.0panorama/bin/pegasus-rc-client,"-n pegasus::rc-client -N null -R local  -L H1L1V1-FOREGROUND_MINIFOLLOWUP_FULL_DATA_FOREGROUND-1186740100-3400 -T 2024-03-13T22:37:56+00:00 /home/poseidon/pegasus-5.1.0panorama/bin/pegasus-rc-client --prefix pegasus.catalog.replica.output --conf /mnt/poseidon-data/poseidon/workflows/pycbc/search/poseidon/submit/poseidon/pegasus/pycbc-search/run0476/00/03/./H1L1V1-FOREGROUND_MINIFOLLOWUP_FULL_DATA_FOREGROUND-1186740100-3400.dax_ID0000082.000/pegasus.14682273184527246387.properties -v --meta /mnt/poseidon-data/poseidon/workflows/pycbc/search/poseidon/submit/poseidon/pegasus/pycbc-search/run0476/00/03/./H1L1V1-FOREGROUND_MINIFOLLOWUP_FULL_DATA_FOREGROUND-1186740100-3400.dax_ID0000082.000/00/00/single_template_ID3_ID0000006.meta,/mnt/poseidon-data/poseidon/workflows/pycbc/search/poseidon/submit/poseidon/pegasus/pycbc-search/run0476/00/03/./H1L1V1-FOREGROUND_MINIFOLLOWUP_FULL_DATA_FOREGROUND-1186740100-3400.dax_ID0000082.000/00/00/single_template_ID3_ID0000004.meta,/mnt/poseidon-data/poseidon/workflows/pycbc/search/poseidon/submit/poseidon/pegasus/pycbc-search/run0476/00/03/./H1L1V1-FOREGROUND_MINIFOLLOWUP_FULL_DATA_FOREGROUND-1186740100-3400.dax_ID0000082.000/00/00/plot_singles_timefreq_ID9_ID0000012.meta,/mnt/poseidon-data/poseidon/workflows/pycbc/search/poseidon/submit/poseidon/pegasus/pycbc-search/run0476/00/03/./H1L1V1-FOREGROUND_MINIFOLLOWUP_FULL_DATA_FOREGROUND-1186740100-3400.dax_ID0000082.000/00/00/single_template_ID3_ID0000008.meta,/mnt/poseidon-data/poseidon/workflows/pycbc/search/poseidon/submit/poseidon/pegasus/pycbc-search/run0476/00/03/./H1L1V1-FOREGROUND_MINIFOLLOWUP_FULL_DATA_FOREGROUND-1186740100-3400.dax_ID0000082.000/00/00/plot_qscan_ID10_ID0000011.meta,/mnt/poseidon-data/poseidon/workflows/pycbc/search/poseidon/submit/poseidon/pegasus/pycbc-search/run0476/00/03/./H1L1V1-FOREGROUND_MINIFOLLOWUP_FULL_DATA_FOREGROUND-1186740100-3400.dax_ID0000082.000/00/00/plot_qscan_ID10_ID0000013.meta --insert /mnt/poseidon-data/poseidon/workflows/pycbc/search/poseidon/submit/poseidon/pegasus/pycbc-search/run0476/00/03/./H1L1V1-FOREGROUND_MINIFOLLOWUP_FULL_DATA_FOREGROUND-1186740100-3400.dax_ID0000082.000/00/00/register_condorpool_0_0.in",3.2,0,0,,,,,,,,,
register_condorpool_0_1_pegasus-plan_ID0000082,None,auxiliary,0,1716791503.0,,,1716791518.0,,,0.0,1716791518.0,1716791523.0,,,0.0,1716791523.0,1716791528.0,15.0,,0.0,5.0,5.0,,,,,poseidon,local,poseidon-submit,pegasus::rc-client,/mnt/poseidon-data/poseidon/pegasus-5.1.0panorama/bin/pegasus-rc-client,"-n pegasus::rc-client -N null -R local  -L H1L1V1-FOREGROUND_MINIFOLLOWUP_FULL_DATA_FOREGROUND-1186740100-3400 -T 2024-03-13T22:37:56+00:00 /home/poseidon/pegasus-5.1.0panorama/bin/pegasus-rc-client --prefix pegasus.catalog.replica.output --conf /mnt/poseidon-data/poseidon/workflows/pycbc/search/poseidon/submit/poseidon/pegasus/pycbc-search/run0476/00/03/./H1L1V1-FOREGROUND_MINIFOLLOWUP_FULL_DATA_FOREGROUND-1186740100-3400.dax_ID0000082.000/pegasus.14682273184527246387.properties -v --meta /mnt/poseidon-data/poseidon/workflows/pycbc/search/poseidon/submit/poseidon/pegasus/pycbc-search/run0476/00/03/./H1L1V1-FOREGROUND_MINIFOLLOWUP_FULL_DATA_FOREGROUND-1186740100-3400.dax_ID0000082.000/00/00/plot_singles_timefreq_ID9_ID0000010.meta,/mnt/poseidon-data/poseidon/workflows/pycbc/search/poseidon/submit/poseidon/pegasus/pycbc-search/run0476/00/03/./H1L1V1-FOREGROUND_MINIFOLLOWUP_FULL_DATA_FOREGROUND-1186740100-3400.dax_ID0000082.000/00/00/plot_trigger_timeseries_ID1_ID0000003.meta,/mnt/poseidon-data/poseidon/workflows/pycbc/search/poseidon/submit/poseidon/pegasus/pycbc-search/run0476/00/03/./H1L1V1-FOREGROUND_MINIFOLLOWUP_FULL_DATA_FOREGROUND-1186740100-3400.dax_ID0000082.000/00/00/plot_singles_timefreq_ID9_ID0000014.meta,/mnt/poseidon-data/poseidon/workflows/pycbc/search/poseidon/submit/poseidon/pegasus/pycbc-search/run0476/00/03/./H1L1V1-FOREGROUND_MINIFOLLOWUP_FULL_DATA_FOREGROUND-1186740100-3400.dax_ID0000082.000/00/00/plot_trigger_timeseries_ID1_ID0000002.meta,/mnt/poseidon-data/poseidon/workflows/pycbc/search/poseidon/submit/poseidon/pegasus/pycbc-search/run0476/00/03/./H1L1V1-FOREGROUND_MINIFOLLOWUP_FULL_DATA_FOREGROUND-1186740100-3400.dax_ID0000082.000/00/00/plot_qscan_ID10_ID0000015.meta,/mnt/poseidon-data/poseidon/workflows/pycbc/search/poseidon/submit/poseidon/pegasus/pycbc-search/run0476/00/03/./H1L1V1-FOREGROUND_MINIFOLLOWUP_FULL_DATA_FOREGROUND-1186740100-3400.dax_ID0000082.000/00/00/page_coincinfo_ID0_ID0000001.meta --insert /mnt/poseidon-data/poseidon/workflows/pycbc/search/poseidon/submit/poseidon/pegasus/pycbc-search/run0476/00/03/./H1L1V1-FOREGROUND_MINIFOLLOWUP_FULL_DATA_FOREGROUND-1186740100-3400.dax_ID0000082.000/00/00/register_condorpool_0_1.in",3.2,0,0,,,,,,,,,
plot_sensitivity_ID166_ID0000181,None,compute,0,1716791626.0,,,1716791632.0,1716791633.0,1716791660.0,66075593.5,1716791632.0,1716791932.0,1716791921.0,1716791924.0,6020.0,1716791932.0,1716791937.0,6.0,,0.0,300.0,5.0,27.0,1379983284.0,3.0,17252.0,poseidon,condorpool,poseidon-worker-1-container-36-39,plot_sensitivity_ID166,/usr/local/bin/pycbc_page_sensitivity,,3.1,0,0,,,,,,,,,
plot_foundmissed_ID151_ID0000182,None,compute,0,1716791626.0,,,1716791632.0,1716791633.0,1716791667.0,49564705.7,1716791632.0,1716792072.0,1716792030.0,1716792033.0,19910.0,1716792072.0,1716792077.0,6.0,,0.0,440.0,5.0,34.0,1379983284.0,3.0,58088.0,poseidon,condorpool,poseidon-worker-1-container-32-35,plot_foundmissed_ID151,/usr/local/bin/pycbc_page_foundmissed,,4.5,0,0,1.3,46537328.0,7282710.0,10329.0,105.0,2.2,1.6,89494.9,182067.8
plot_coinc_snrchi_ID155_ID0000167,None,compute,0,1716791626.0,,,1716791631.0,1716791633.0,1716791668.0,48967730.6,1716791632.0,1716792072.0,1716792032.0,1716792035.0,40620.0,1716792072.0,1716792077.0,5.0,,1.0,440.0,5.0,35.0,1417509572.0,3.0,113391.0,poseidon,condorpool,poseidon-worker-1-container-24-27,plot_coinc_snrchi_ID155,/usr/local/bin/pycbc_page_coinc_snrchi,,4.6,0,0,0.5,39489838.0,3674207.0,11203.0,101.0,1.5,1.4,55619.5,61236.8
plot_foundmissed_ID151_ID0000183,None,compute,0,1716791626.0,,,1716791632.0,1716791725.0,1716791749.0,120838185.7,1716791632.0,1716791882.0,1716791872.0,1716791875.0,19146.0,1716791882.0,1716791887.0,6.0,,0.0,250.0,5.0,24.0,1379983284.0,3.0,58096.0,poseidon,condorpool,poseidon-worker-2-container-36-39,plot_foundmissed_ID151,/usr/local/bin/pycbc_page_foundmissed,,4.1,0,0,0.0,34278268.0,2753068.0,8711.0,87.0,1.3,1.4,1713913.4,137653.4
plot_sensitivity_ID166_ID0000176,None,compute,0,1716791626.0,,,1716791632.0,1716791633.0,1716791665.0,53461440.4,1716791632.0,1716792032.0,1716791921.0,1716791924.0,7261.0,1716792032.0,1716792037.0,6.0,,0.0,400.0,5.0,32.0,1379983284.0,3.0,20660.0,poseidon,condorpool,poseidon-worker-1-container-40-43,plot_sensitivity_ID166,/usr/local/bin/pycbc_page_sensitivity,,3.3,0,0,,,,,,,,,
plot_sensitivity_ID166_ID0000177,None,compute,0,1716791626.0,,,1716791632.0,1716791633.0,1716791663.0,57940860.0,1716791632.0,1716791932.0,1716791921.0,1716791924.0,6012.0,1716791932.0,1716791937.0,6.0,,0.0,300.0,5.0,30.0,1379983284.0,3.0,17248.0,poseidon,condorpool,poseidon-worker-1-container-4-7,plot_sensitivity_ID166,/usr/local/bin/pycbc_page_sensitivity,,3.4,0,0,,,,,,,,,
plot_foundmissed_ID151_ID0000179,None,compute,0,1716791626.0,,,1716791632.0,1716791633.0,1716791668.0,47123043.7,1716791632.0,1716792072.0,1716792030.0,1716792033.0,19697.0,1716792072.0,1716792077.0,6.0,,0.0,440.0,5.0,35.0,1379983284.0,3.0,58104.0,poseidon,condorpool,poseidon-worker-1-container-24-27,plot_foundmissed_ID151,/usr/local/bin/pycbc_page_foundmissed,,4.4,0,0,0.3,33996675.0,2228780.0,9718.0,79.0,1.4,1.3,66660.1,74292.7
plot_foundmissed_ID151_ID0000178,None,compute,0,1716791626.0,,,1716791632.0,1716791633.0,1716791660.0,65467994.3,1716791632.0,1716792032.0,1716791922.0,1716791925.0,20548.0,1716792032.0,1716792037.0,6.0,,0.0,400.0,5.0,27.0,1379983284.0,3.0,58096.0,poseidon,condorpool,poseidon-worker-1-container-20-23,plot_foundmissed_ID151,/usr/local/bin/pycbc_page_foundmissed,,4.1,0,0,0.1,46808685.0,7282710.0,10086.0,105.0,2.2,1.3,91781.7,182067.8
plot_sensitivity_ID166_ID0000180,None,compute,0,1716791626.0,,,1716791632.0,1716791725.0,1716791762.0,57331686.3,1716791632.0,1716791882.0,1716791872.0,1716791875.0,6892.0,1716791882.0,1716791887.0,6.0,,0.0,250.0,5.0,37.0,1379983284.0,3.0,20664.0,poseidon,condorpool,poseidon-worker-2-container-32-35,plot_sensitivity_ID166,/usr/local/bin/pycbc_page_sensitivity,,3.1,0,0,,,,,,,,,
plot_coinc_snrchi_ID155_ID0000168,None,compute,0,1716791626.0,,,1716791632.0,1716791725.0,1716791762.0,54540262.8,1716791632.0,1716791882.0,1716791872.0,1716791875.0,39092.0,1716791882.0,1716791887.0,6.0,,0.0,250.0,5.0,37.0,1416680746.0,3.0,118604.0,poseidon,condorpool,poseidon-worker-2-container-40-43,plot_coinc_snrchi_ID155,/usr/local/bin/pycbc_page_coinc_snrchi,,4.2,0,0,0.1,38959322.0,3473795.0,9247.0,97.0,1.4,1.2,1947966.1,173689.8
plot_foundmissed_ID151_ID0000160,hdd_10,compute,0,1716791626.0,,,1716791631.0,1716791633.0,1716791664.0,54210638.8,1716791632.0,1716792032.0,1716791922.0,1716791925.0,20492.0,1716792032.0,1716792037.0,5.0,,1.0,400.0,5.0,31.0,1379983284.0,3.0,58100.0,poseidon,condorpool,poseidon-worker-1-container-44-47,plot_foundmissed_ID151,/usr/local/bin/pycbc_page_foundmissed,,4.2,0,0,0.1,46811518.0,7282710.0,10187.0,105.0,2.3,1.3,93623.0,182067.8
page_injections_ID153_ID0000163,None,compute,0,1716791626.0,,,1716791631.0,1716791725.0,1716791749.0,114790292.5,1716791632.0,1716792012.0,1716791872.0,1716792005.0,104.0,1716792012.0,1716792017.0,5.0,,1.0,380.0,5.0,24.0,1379983284.0,133.0,13824.0,poseidon,condorpool,poseidon-worker-2-container-44-47,page_injections_ID153,/usr/local/bin/pycbc_page_injtable,,3.6,0,0,0.0,34460202.0,3539331.0,8896.0,98.0,1.5,1.2,1723010.1,176966.5
plot_foundmissed_ID151_ID0000161,None,compute,0,1716791626.0,,,1716791631.0,1716791633.0,1716791924.0,38185772.9,1716791632.0,1716792072.0,1716792034.0,1716792036.0,20917.0,1716792072.0,1716792077.0,5.0,,1.0,440.0,5.0,291.0,1379983284.0,2.0,58108.0,poseidon,condorpool,poseidon-worker-1-container-12-15,plot_foundmissed_ID151,/usr/local/bin/pycbc_page_foundmissed,,4.9,0,0,0.0,31689477.0,66088.0,8272.0,45.0,1.6,1.4,158447.4,6608.8
pegasus-plan_ID0000174,None,subwf,0,1716791626.0,1716791626.0,1716791633.0,1716791637.0,,,0.0,1716791643.0,1716792363.0,,,0.0,,,0.0,7.0,6.0,720.0,,,,,,poseidon,local,poseidon-submit,condor::dagman,/usr/bin/condor_dagman,-p 0  -f -l . -Notification never -Debug 3 -Lockfile H1L1V1-INJECTION_MINIFOLLOWUP_BBH-1186740100-3400.dag.lock -Dag H1L1V1-INJECTION_MINIFOLLOWUP_BBH-1186740100-3400.dag -AllowVersionMismatch  -AutoRescue 1 -DoRescueFrom 0,0.0,0,0,,,,,,,,,
plot_coinc_snrchi_ID155_ID0000171,None,compute,0,1716791626.0,,,1716791632.0,1716791633.0,1716791663.0,58453315.0,1716791632.0,1716791932.0,1716791922.0,1716791925.0,37633.0,1716791932.0,1716791937.0,6.0,,0.0,300.0,5.0,30.0,1391075922.0,3.0,108437.0,poseidon,condorpool,poseidon-worker-1-container-12-15,plot_coinc_snrchi_ID155,/usr/local/bin/pycbc_page_coinc_snrchi,,4.3,0,0,0.0,49578908.0,7282541.0,10808.0,104.0,2.3,1.5,99157.8,182063.5
plot_coinc_snrchi_ID155_ID0000170,None,compute,0,1716791626.0,,,1716791631.0,1716791633.0,1716791670.0,44952771.4,1716791632.0,1716792072.0,1716792030.0,1716792033.0,38296.0,1716792072.0,1716792077.0,5.0,,1.0,440.0,5.0,37.0,1390684232.0,3.0,113320.0,poseidon,condorpool,poseidon-worker-1-container-4-7,plot_coinc_snrchi_ID155,/usr/local/bin/pycbc_page_coinc_snrchi,,4.1,0,0,1.1,36901230.0,3146115.0,9509.0,92.0,1.4,1.2,1845061.5,157305.8
plot_coinc_snrchi_ID155_ID0000172,None,compute,0,1716791626.0,,,1716791632.0,1716791725.0,1716791750.0,132602362.4,1716791632.0,1716791882.0,1716791872.0,1716791875.0,34186.0,1716791882.0,1716791887.0,6.0,,0.0,250.0,5.0,25.0,1391661572.0,3.0,104559.0,poseidon,condorpool,poseidon-worker-2-container-24-27,plot_coinc_snrchi_ID155,/usr/local/bin/pycbc_page_coinc_snrchi,,4.2,0,0,0.1,37514305.0,3539331.0,9343.0,98.0,1.4,1.3,1875715.2,176966.5
page_injections_ID153_ID0000162,hdd_10,compute,0,1716791626.0,,,1716791632.0,1716791726.0,1716791774.0,33036365.5,1716791725.0,1716791882.0,1716791872.0,1716791875.0,8822.0,1716791882.0,1716791887.0,6.0,,93.0,157.0,5.0,48.0,1384445800.0,3.0,26779.0,poseidon,condorpool,poseidon-worker-2-container-16-19,page_injections_ID153,/usr/local/bin/pycbc_page_injtable,,3.6,0,0,0.0,42562405.0,7282541.0,9246.0,104.0,1.6,1.4,2128120.2,364127.0
plot_coinc_snrchi_ID155_ID0000169,hdd_10,compute,0,1716791626.0,,,1716791632.0,1716791633.0,1716791660.0,67894680.0,1716791632.0,1716791937.0,1716791922.0,1716791925.0,41008.0,1716791937.0,1716791942.0,6.0,,0.0,305.0,5.0,27.0,1417266396.0,3.0,115955.0,poseidon,condorpool,poseidon-worker-1-container-44-47,plot_coinc_snrchi_ID155,/usr/local/bin/pycbc_page_coinc_snrchi,,4.2,0,0,0.1,51394041.0,7397537.0,11173.0,109.0,2.4,1.4,100772.6,184938.4
plot_coinc_snrchi_ID155_ID0000164,None,compute,0,1716791626.0,,,1716791631.0,1716791725.0,1716791762.0,51202728.6,1716791632.0,1716791882.0,1716791872.0,1716791875.0,46110.0,1716791882.0,1716791887.0,5.0,,1.0,250.0,5.0,37.0,1416518240.0,3.0,140909.0,poseidon,condorpool,poseidon-worker-2-container-28-31,plot_coinc_snrchi_ID155,/usr/local/bin/pycbc_page_coinc_snrchi,,4.0,0,0,0.1,38999293.0,3604867.0,9410.0,99.0,1.4,1.3,1949964.6,180243.4
plot_coinc_snrchi_ID155_ID0000165,None,compute,0,1716791626.0,,,1716791631.0,1716791633.0,1716791668.0,49593311.3,1716791632.0,1716792072.0,1716792030.0,1716792033.0,39097.0,1716792072.0,1716792077.0,5.0,,1.0,440.0,5.0,35.0,1416909930.0,3.0,115299.0,poseidon,condorpool,poseidon-worker-1-container-12-15,plot_coinc_snrchi_ID155,/usr/local/bin/pycbc_page_coinc_snrchi,,4.5,0,0,0.7,51378446.0,7512262.0,11263.0,115.0,2.8,1.6,98804.7,150245.2
plot_coinc_snrchi_ID155_ID0000166,None,compute,0,1716791626.0,,,1716791631.0,1716791633.0,1716791663.0,59783772.2,1716791632.0,1716792032.0,1716791922.0,1716791925.0,47757.0,1716792032.0,1716792037.0,5.0,,1.0,400.0,5.0,30.0,1416532232.0,3.0,135567.0,poseidon,condorpool,poseidon-worker-1-container-20-23,plot_coinc_snrchi_ID155,/usr/local/bin/pycbc_page_coinc_snrchi,,4.3,0,0,0.1,50828547.0,7282541.0,10689.0,104.0,2.2,1.4,101657.1,242751.4
stage_out_local_condorpool_1_0_pegasus-plan_ID0000084,None,transfer,0,1716791628.0,,,1716791633.0,,,0.0,1716791637.0,1716791648.0,1716791637.0,1716791641.0,89790.0,1716791648.0,1716791653.0,5.0,,4.0,11.0,5.0,,,4.0,361900.0,poseidon,local,poseidon-submit,pegasus::transfer,/mnt/poseidon-data/poseidon/pegasus-5.1.0panorama/bin/pegasus-transfer,/home/poseidon/pegasus-5.1.0panorama/bin/../bin/pegasus-kickstart  -n pegasus::transfer -N null -i - -R local  -L H1L1V1-FOREGROUND_MINIFOLLOWUP_FULL_DATA_BACKGROUND-1186740100-3400 -T 2024-03-13T22:37:56+00:00 /home/poseidon/pegasus-5.1.0panorama/bin/../bin/pegasus-transfer  --threads 2,0.6,0,0,,,,,,,,,
create_dir_H1L1V1-INJECTION_MINIFOLLOWUP_BBH-1186740100-3400.dax_0_condorpool_pegasus-plan_ID0000174,None,auxiliary,0,1716791643.0,,,1716791644.0,,,0.0,1716791647.0,1716791654.0,,,0.0,1716791654.0,1716791659.0,1.0,,3.0,7.0,5.0,,,,,poseidon,local,poseidon-submit,pegasus::dirmanager,/mnt/poseidon-data/poseidon/pegasus-5.1.0panorama/bin/pegasus-transfer,pegasus-kickstart  -n pegasus::dirmanager -N null -i - -R local  -L H1L1V1-INJECTION_MINIFOLLOWUP_BBH-1186740100-3400 -T 2024-03-13T22:37:56+00:00 pegasus-transfer,0.3,0,0,,,,,,,,,
register_condorpool_1_0_pegasus-plan_ID0000084,None,auxiliary,0,1716791653.0,,,1716791658.0,,,0.0,1716791658.0,1716791663.0,,,0.0,1716791663.0,1716791668.0,5.0,,0.0,5.0,5.0,,,,,poseidon,local,poseidon-submit,pegasus::rc-client,/mnt/poseidon-data/poseidon/pegasus-5.1.0panorama/bin/pegasus-rc-client,"-n pegasus::rc-client -N null -R local  -L H1L1V1-FOREGROUND_MINIFOLLOWUP_FULL_DATA_BACKGROUND-1186740100-3400 -T 2024-03-13T22:37:56+00:00 /home/poseidon/pegasus-5.1.0panorama/bin/pegasus-rc-client --prefix pegasus.catalog.replica.output --conf /mnt/poseidon-data/poseidon/workflows/pycbc/search/poseidon/submit/poseidon/pegasus/pycbc-search/run0476/00/03/./H1L1V1-FOREGROUND_MINIFOLLOWUP_FULL_DATA_BACKGROUND-1186740100-3400.dax_ID0000084.000/pegasus.9230813452675867407.properties -v --meta /mnt/poseidon-data/poseidon/workflows/pycbc/search/poseidon/submit/poseidon/pegasus/pycbc-search/run0476/00/03/./H1L1V1-FOREGROUND_MINIFOLLOWUP_FULL_DATA_BACKGROUND-1186740100-3400.dax_ID0000084.000/00/00/single_template_plot_ID4_ID0000009.meta,/mnt/poseidon-data/poseidon/workflows/pycbc/search/poseidon/submit/poseidon/pegasus/pycbc-search/run0476/00/03/./H1L1V1-FOREGROUND_MINIFOLLOWUP_FULL_DATA_BACKGROUND-1186740100-3400.dax_ID0000084.000/00/00/single_template_plot_ID4_ID0000005.meta,/mnt/poseidon-data/poseidon/workflows/pycbc/search/poseidon/submit/poseidon/pegasus/pycbc-search/run0476/00/03/./H1L1V1-FOREGROUND_MINIFOLLOWUP_FULL_DATA_BACKGROUND-1186740100-3400.dax_ID0000084.000/00/00/single_template_plot_ID4_ID0000007.meta --insert /mnt/poseidon-data/poseidon/workflows/pycbc/search/poseidon/submit/poseidon/pegasus/pycbc-search/run0476/00/03/./H1L1V1-FOREGROUND_MINIFOLLOWUP_FULL_DATA_BACKGROUND-1186740100-3400.dax_ID0000084.000/00/00/register_condorpool_1_0.in",3.2,0,0,,,,,,,,,
plot_qscan_ID8_ID0000013_pegasus-plan_ID0000174,None,compute,0,1716791659.0,,,1716791664.0,1716791923.0,1716792082.0,9641784.6,1716791672.0,1716792115.0,1716792106.0,1716792109.0,107578.0,1716792115.0,1716792120.0,5.0,,8.0,443.0,5.0,159.0,1509419865.0,3.0,295160.0,poseidon,condorpool,poseidon-worker-1-container-4-7,plot_qscan_ID8,/usr/local/bin/pycbc_plot_qscan,,18.6,0,0,0.1,812372063.0,63122.0,8250.0,35.0,12.6,2.2,27079068.8,6312.2
single_template_ID13_ID0000018_pegasus-plan_ID0000174,None,compute,0,1716791659.0,,,1716791664.0,1716791923.0,1716792082.0,9639074.6,1716791672.0,1716792140.0,1716792130.0,1716792133.0,3452706.0,1716792140.0,1716792145.0,5.0,,8.0,468.0,5.0,159.0,1509423236.0,3.0,9945232.0,poseidon,condorpool,poseidon-worker-1-container-24-27,single_template_ID13,/usr/local/bin/pycbc_single_template,,35.8,0,0,0.0,806103840.0,2587383.0,5959.0,78.0,28.6,6.1,10076298.0,86246.1
plot_singles_timefreq_ID7_ID0000008_pegasus-plan_ID0000174,None,compute,0,1716791659.0,,,1716791664.0,1716791922.0,1716792075.0,12684240.0,1716791672.0,1716792110.0,1716792098.0,1716792101.0,138715.0,1716792110.0,1716792115.0,5.0,,8.0,438.0,5.0,153.0,1487256531.0,3.0,382976.0,poseidon,condorpool,poseidon-worker-1-container-20-23,plot_singles_timefreq_ID7,/usr/local/bin/pycbc_plot_singles_timefreq,,17.0,0,0,0.1,671052046.0,63552.0,8777.0,45.0,12.5,2.3,22368401.5,3177.6
single_template_ID13_ID0000032_pegasus-plan_ID0000174,None,compute,0,1716791659.0,,,1716791664.0,1716791923.0,1716792075.0,12879727.5,1716791672.0,1716792125.0,1716792114.0,1716792117.0,3461175.0,1716792125.0,1716792130.0,5.0,,8.0,453.0,5.0,152.0,1485694215.0,3.0,9945232.0,poseidon,condorpool,poseidon-worker-1-container-40-43,single_template_ID13,/usr/local/bin/pycbc_single_template,,33.4,0,0,0.0,660810050.0,28470.0,4874.0,27.0,24.0,5.9,11013500.8,2847.0
single_template_ID13_ID0000038_pegasus-plan_ID0000174,None,compute,0,1716791659.0,,,1716791664.0,1716791726.0,1716791762.0,61711617.0,1716791725.0,1716791884.0,1716791872.0,1716791875.0,3130303.0,1716791884.0,1716791889.0,5.0,,61.0,159.0,5.0,36.0,1485694215.0,3.0,9945232.0,poseidon,condorpool,poseidon-worker-2-container-4-7,single_template_ID13,/usr/local/bin/pycbc_single_template,,32.2,0,0,0.0,660786596.0,28470.0,4824.0,27.0,25.5,4.3,11013109.9,2847.0
page_snglinfo_ID2_ID0000004_pegasus-plan_ID0000174,None,compute,0,1716791659.0,,,1716791664.0,1716791922.0,1716792079.0,9144597.7,1716791672.0,1716792100.0,1716792089.0,1716792091.0,1331.0,1716792100.0,1716792105.0,5.0,,8.0,428.0,5.0,157.0,1381334880.0,2.0,3612.0,poseidon,condorpool,poseidon-worker-1-container-32-35,page_snglinfo_ID2,/usr/local/bin/pycbc_page_snglinfo,,3.0,0,0,,,,,,,,,
single_template_ID13_ID0000036_pegasus-plan_ID0000174,None,compute,0,1716791659.0,,,1716791664.0,1716791923.0,1716792075.0,13162756.3,1716791672.0,1716792125.0,1716792116.0,1716792119.0,3467375.0,1716792125.0,1716792130.0,5.0,,8.0,453.0,5.0,152.0,1509423236.0,3.0,9945232.0,poseidon,condorpool,poseidon-worker-1-container-36-39,single_template_ID13,/usr/local/bin/pycbc_single_template,,35.4,0,0,0.1,803192107.0,4222782.0,4898.0,28.0,28.8,6.0,11474173.0,211139.1
page_snglinfo_ID2_ID0000005_pegasus-plan_ID0000174,None,compute,0,1716791659.0,,,1716791664.0,1716791923.0,1716792074.0,11905650.8,1716791672.0,1716792095.0,1716792085.0,1716792088.0,1202.0,1716792095.0,1716792100.0,5.0,,8.0,423.0,5.0,151.0,1381360283.0,3.0,3614.0,poseidon,condorpool,poseidon-worker-1-container-28-31,page_snglinfo_ID2,/usr/local/bin/pycbc_page_snglinfo,,3.1,0,0,,,,,,,,,
single_template_ID13_ID0000014_pegasus-plan_ID0000174,None,compute,0,1716791659.0,,,1716791664.0,1716791726.0,1716791762.0,56881784.0,1716791725.0,1716791884.0,1716791872.0,1716791875.0,3162655.0,1716791884.0,1716791889.0,5.0,,61.0,159.0,5.0,36.0,1485694215.0,3.0,9945232.0,poseidon,condorpool,poseidon-worker-2-container-0-3,single_template_ID13,/usr/local/bin/pycbc_single_template,,34.0,0,0,0.0,671964345.0,7248097.0,6292.0,98.0,27.0,5.9,8399554.3,241603.2
plot_qscan_ID8_ID0000011_pegasus-plan_ID0000174,None,compute,0,1716791659.0,,,1716791664.0,1716791726.0,1716791777.0,33075433.8,1716791725.0,1716792020.0,1716791872.0,1716792010.0,3752.0,1716792020.0,1716792025.0,5.0,,61.0,295.0,5.0,51.0,1488843366.0,138.0,518090.0,poseidon,condorpool,poseidon-worker-2-container-32-35,plot_qscan_ID8,/usr/local/bin/pycbc_plot_qscan,,17.3,0,0,0.0,689092742.0,63732.0,8354.0,46.0,12.4,2.5,22969758.1,3186.6
single_template_ID13_ID0000016_pegasus-plan_ID0000174,None,compute,0,1716791659.0,,,1716791664.0,1716791726.0,1716791769.0,40379028.5,1716791725.0,1716791884.0,1716791872.0,1716791875.0,3121542.0,1716791884.0,1716791889.0,5.0,,61.0,159.0,5.0,43.0,1488846737.0,3.0,9945232.0,poseidon,condorpool,poseidon-worker-2-container-20-23,single_template_ID13,/usr/local/bin/pycbc_single_template,,33.2,0,0,0.1,682893336.0,2849527.0,5951.0,82.0,26.4,5.7,8536166.7,94984.2
plot_trigger_timeseries_ID5_ID0000006_pegasus-plan_ID0000174,None,compute,0,1716791659.0,,,1716791664.0,1716791923.0,1716792070.0,9817109.4,1716791672.0,1716792095.0,1716792085.0,1716792088.0,6098.0,1716792095.0,1716792100.0,5.0,,8.0,423.0,5.0,147.0,1384343476.0,3.0,18479.0,poseidon,condorpool,poseidon-worker-1-container-8-11,plot_trigger_timeseries_ID5,/usr/local/bin/pycbc_plot_trigger_timeseries,,2.9,0,0,,,,,,,,,
plot_trigger_timeseries_ID5_ID0000007_pegasus-plan_ID0000174,None,compute,0,1716791659.0,,,1716791664.0,1716791922.0,1716792071.0,9754297.9,1716791672.0,1716792095.0,1716792085.0,1716792088.0,7276.0,1716792095.0,1716792100.0,5.0,,8.0,423.0,5.0,149.0,1384343476.0,3.0,21844.0,poseidon,condorpool,poseidon-worker-1-container-0-3,plot_trigger_timeseries_ID5,/usr/local/bin/pycbc_plot_trigger_timeseries,,3.0,0,0,,,,,,,,,
single_template_ID13_ID0000030_pegasus-plan_ID0000174,None,compute,0,1716791659.0,,,1716791664.0,1716791726.0,1716791762.0,62086755.5,1716791725.0,1716791884.0,1716791872.0,1716791875.0,3115295.0,1716791884.0,1716791889.0,5.0,,61.0,159.0,5.0,36.0,1509423236.0,3.0,9945232.0,poseidon,condorpool,poseidon-worker-2-container-12-15,single_template_ID13,/usr/local/bin/pycbc_single_template,,33.5,0,0,0.1,806303261.0,2783991.0,5950.0,81.0,27.9,4.5,10078790.8,92799.7
single_template_ID13_ID0000034_pegasus-plan_ID0000174,None,compute,0,1716791659.0,,,1716791664.0,1716791726.0,1716791770.0,39281175.6,1716791725.0,1716791884.0,1716791872.0,1716791875.0,3123493.0,1716791884.0,1716791889.0,5.0,,61.0,159.0,5.0,44.0,1488846737.0,3.0,9945232.0,poseidon,condorpool,poseidon-worker-2-container-36-39,single_template_ID13,/usr/local/bin/pycbc_single_template,,31.3,0,0,0.1,679726586.0,28470.0,4877.0,27.0,25.6,4.3,11328776.4,2847.0
single_template_ID13_ID0000020_pegasus-plan_ID0000174,None,compute,0,1716791659.0,,,1716791664.0,1716791726.0,1716791762.0,58211162.2,1716791725.0,1716791884.0,1716791872.0,1716791875.0,3159540.0,1716791884.0,1716791889.0,5.0,,61.0,159.0,5.0,36.0,1485694215.0,3.0,9945232.0,poseidon,condorpool,poseidon-worker-2-container-40-43,single_template_ID13,/usr/local/bin/pycbc_single_template,,32.5,0,0,0.0,671994676.0,7248097.0,6443.0,98.0,27.2,4.5,8399933.5,241603.2
single_template_ID13_ID0000046_pegasus-plan_ID0000174,None,compute,0,1716791659.0,,,1716791664.0,1716791923.0,1716792083.0,9497516.5,1716791672.0,1716792130.0,1716792120.0,1716792123.0,3448604.0,1716792130.0,1716792135.0,5.0,,8.0,458.0,5.0,160.0,1488846737.0,3.0,9945232.0,poseidon,condorpool,poseidon-worker-1-container-36-39,single_template_ID13,/usr/local/bin/pycbc_single_template,,32.1,0,0,0.1,679733475.0,28470.0,4893.0,27.0,25.6,4.2,11328891.3,2847.0
single_template_ID13_ID0000040_pegasus-plan_ID0000174,None,compute,0,1716791659.0,,,1716791664.0,1716791922.0,1716792074.0,12461682.8,1716791672.0,1716792125.0,1716792114.0,1716792117.0,3412176.0,1716792125.0,1716792130.0,5.0,,8.0,453.0,5.0,152.0,1488846737.0,3.0,9945232.0,poseidon,condorpool,poseidon-worker-1-container-12-15,single_template_ID13,/usr/local/bin/pycbc_single_template,,34.2,0,0,0.0,679703213.0,28470.0,4823.0,27.0,24.3,5.6,11328386.9,2847.0
single_template_ID13_ID0000026_pegasus-plan_ID0000174,None,compute,0,1716791659.0,,,1716791664.0,1716791922.0,1716792034.0,113718885.3,1716791672.0,1716792125.0,1716792112.0,1716792115.0,3470632.0,1716792125.0,1716792130.0,5.0,,8.0,453.0,5.0,112.0,1485694215.0,3.0,9945232.0,poseidon,condorpool,poseidon-worker-1-container-0-3,single_template_ID13,/usr/local/bin/pycbc_single_template,,32.9,0,0,0.1,671997107.0,7248097.0,6319.0,98.0,27.2,4.7,8399963.8,241603.2
single_template_ID13_ID0000028_pegasus-plan_ID0000174,None,compute,0,1716791659.0,,,1716791664.0,1716791923.0,1716792074.0,12679456.8,1716791672.0,1716792135.0,1716792124.0,1716792127.0,3459747.0,1716792135.0,1716792140.0,5.0,,8.0,463.0,5.0,151.0,1488846737.0,3.0,9945232.0,poseidon,condorpool,poseidon-worker-1-container-16-19,single_template_ID13,/usr/local/bin/pycbc_single_template,,35.1,0,0,0.1,681477554.0,1407735.0,5757.0,60.0,28.7,6.3,7571972.8,46924.5
single_template_ID13_ID0000048_pegasus-plan_ID0000174,None,compute,0,1716791659.0,,,1716791664.0,1716791923.0,1716792074.0,12750754.5,1716791673.0,1716792125.0,1716792115.0,1716792118.0,3444752.0,1716792125.0,1716792130.0,5.0,,9.0,452.0,5.0,151.0,1509423236.0,3.0,9945232.0,poseidon,condorpool,poseidon-worker-1-container-8-11,single_template_ID13,/usr/local/bin/pycbc_single_template,,34.9,0,0,0.0,803185498.0,28470.0,4873.0,27.0,24.3,5.6,13386425.0,2847.0
single_template_ID13_ID0000042_pegasus-plan_ID0000174,hdd_10,compute,0,1716791659.0,,,1716791664.0,1716791923.0,1716792082.0,9855025.5,1716791922.0,1716792135.0,1716792122.0,1716792125.0,3464548.0,1716792135.0,1716792140.0,5.0,,258.0,213.0,5.0,159.0,1509423236.0,3.0,9945232.0,poseidon,condorpool,poseidon-worker-1-container-44-47,single_template_ID13,/usr/local/bin/pycbc_single_template,,34.0,0,0,0.0,803159447.0,28470.0,4816.0,27.0,25.6,4.3,13385990.8,2847.0
plot_singles_timefreq_ID7_ID0000012_pegasus-plan_ID0000174,None,compute,0,1716791659.0,,,1716791664.0,1716791726.0,1716791763.0,56565878.6,1716791725.0,1716792025.0,1716791872.0,1716792019.0,5234.0,1716792025.0,1716792030.0,5.0,,61.0,300.0,5.0,37.0,1510836032.0,147.0,772738.0,poseidon,condorpool,poseidon-worker-2-container-8-11,plot_singles_timefreq_ID7,/usr/local/bin/pycbc_plot_singles_timefreq,,18.3,0,0,0.1,812851712.0,63460.0,8315.0,43.0,12.7,2.1,27095057.1,3173.0
single_template_ID13_ID0000024_pegasus-plan_ID0000174,None,compute,0,1716791659.0,,,1716791664.0,1716791923.0,1716792084.0,9509375.0,1716791672.0,1716792140.0,1716792131.0,1716792133.0,3458571.0,1716792140.0,1716792145.0,5.0,,8.0,468.0,5.0,161.0,1509423236.0,2.0,9945232.0,poseidon,condorpool,poseidon-worker-1-container-28-31,single_template_ID13,/usr/local/bin/pycbc_single_template,,34.3,0,0,0.0,806986078.0,3439351.0,6178.0,91.0,28.5,4.7,10087326.0,114645.0
single_template_ID13_ID0000044_pegasus-plan_ID0000174,None,compute,0,1716791659.0,,,1716791664.0,1716791923.0,1716792075.0,12688618.1,1716791672.0,1716792125.0,1716792114.0,1716792117.0,3422572.0,1716792125.0,1716792130.0,5.0,,8.0,453.0,5.0,152.0,1485694215.0,3.0,9945232.0,poseidon,condorpool,poseidon-worker-1-container-24-27,single_template_ID13,/usr/local/bin/pycbc_single_template,,34.0,0,0,0.1,660814186.0,28470.0,4881.0,27.0,24.3,5.6,11013569.8,2847.0
plot_qscan_ID8_ID0000009_pegasus-plan_ID0000174,None,compute,0,1716791659.0,,,1716791664.0,1716791923.0,1716792084.0,9489066.4,1716791672.0,1716792120.0,1716792107.0,1716792109.0,95310.0,1716792120.0,1716792125.0,5.0,,8.0,448.0,5.0,161.0,1485690844.0,2.0,262712.0,poseidon,condorpool,poseidon-worker-1-container-20-23,plot_qscan_ID8,/usr/local/bin/pycbc_plot_qscan,,17.4,0,0,0.0,670177429.0,63732.0,8367.0,46.0,12.5,2.3,22339247.6,3186.6
page_coincinfo_ID1_ID0000002_pegasus-plan_ID0000174,None,compute,0,1716791659.0,,,1716791664.0,1716791923.0,1716792074.0,12030094.8,1716791673.0,1716792095.0,1716792085.0,1716792088.0,2121.0,1716792095.0,1716792100.0,5.0,,9.0,422.0,5.0,151.0,1384478990.0,3.0,6430.0,poseidon,condorpool,poseidon-worker-1-container-32-35,page_coincinfo_ID1,/usr/local/bin/pycbc_page_coincinfo,,3.1,0,0,,,,,,,,,
plot_singles_timefreq_ID7_ID0000010_pegasus-plan_ID0000174,None,compute,0,1716791659.0,,,1716791664.0,1716791923.0,1716792075.0,12846227.6,1716791673.0,1716792110.0,1716792098.0,1716792101.0,140052.0,1716792110.0,1716792115.0,5.0,,9.0,437.0,5.0,152.0,1490234130.0,3.0,386964.0,poseidon,condorpool,poseidon-worker-1-container-40-43,plot_singles_timefreq_ID7,/usr/local/bin/pycbc_plot_singles_timefreq,,17.5,0,0,0.1,689882926.0,63552.0,8733.0,45.0,12.5,2.4,22996097.5,3177.6
page_snglinfo_ID2_ID0000003_pegasus-plan_ID0000174,None,compute,0,1716791659.0,,,1716791664.0,1716791726.0,1716791762.0,60632662.4,1716791725.0,1716791884.0,1716791872.0,1716791875.0,1192.0,1716791884.0,1716791889.0,5.0,,61.0,159.0,5.0,36.0,1381509803.0,3.0,3614.0,poseidon,condorpool,poseidon-worker-2-container-24-27,page_snglinfo_ID2,/usr/local/bin/pycbc_page_snglinfo,,3.0,0,0,,,,,,,,,
single_template_ID13_ID0000022_pegasus-plan_ID0000174,None,compute,0,1716791659.0,,,1716791664.0,1716791923.0,1716792071.0,10469732.8,1716791672.0,1716792130.0,1716792120.0,1716792123.0,3448600.0,1716792130.0,1716792135.0,5.0,,8.0,458.0,5.0,148.0,1488846737.0,3.0,9945232.0,poseidon,condorpool,poseidon-worker-1-container-4-7,single_template_ID13,/usr/local/bin/pycbc_single_template,,34.9,0,0,0.1,681945036.0,1866487.0,5766.0,67.0,28.0,5.8,8524312.9,62216.2
page_injinfo_ID0_ID0000001_pegasus-plan_ID0000174,None,compute,0,1716791659.0,,,1716791664.0,1716791922.0,1716792084.0,8852176.6,1716791672.0,1716792105.0,1716792093.0,1716792096.0,1189.0,1716792105.0,1716792110.0,5.0,,8.0,433.0,5.0,162.0,1379983284.0,3.0,3241.0,poseidon,condorpool,poseidon-worker-1-container-16-19,page_injinfo_ID0,/usr/local/bin/pycbc_page_injinfo,,2.7,0,0,,,,,,,,,
stage_out_local_condorpool_1_0_pegasus-plan_ID0000082,None,transfer,0,1716791753.0,,,1716791758.0,,,0.0,1716791758.0,1716791768.0,1716791758.0,1716791762.0,79463.0,1716791768.0,1716791773.0,5.0,,0.0,10.0,5.0,,,4.0,320654.0,poseidon,local,poseidon-submit,pegasus::transfer,/mnt/poseidon-data/poseidon/pegasus-5.1.0panorama/bin/pegasus-transfer,/home/poseidon/pegasus-5.1.0panorama/bin/../bin/pegasus-kickstart  -n pegasus::transfer -N null -i - -R local  -L H1L1V1-FOREGROUND_MINIFOLLOWUP_FULL_DATA_FOREGROUND-1186740100-3400 -T 2024-03-13T22:37:56+00:00 /home/poseidon/pegasus-5.1.0panorama/bin/../bin/pegasus-transfer  --threads 2,0.5,0,0,,,,,,,,,
register_condorpool_1_0_pegasus-plan_ID0000082,None,auxiliary,0,1716791773.0,,,1716791778.0,,,0.0,1716791778.0,1716791783.0,,,0.0,1716791783.0,1716791788.0,5.0,,0.0,5.0,5.0,,,,,poseidon,local,poseidon-submit,pegasus::rc-client,/mnt/poseidon-data/poseidon/pegasus-5.1.0panorama/bin/pegasus-rc-client,"-n pegasus::rc-client -N null -R local  -L H1L1V1-FOREGROUND_MINIFOLLOWUP_FULL_DATA_FOREGROUND-1186740100-3400 -T 2024-03-13T22:37:56+00:00 /home/poseidon/pegasus-5.1.0panorama/bin/pegasus-rc-client --prefix pegasus.catalog.replica.output --conf /mnt/poseidon-data/poseidon/workflows/pycbc/search/poseidon/submit/poseidon/pegasus/pycbc-search/run0476/00/03/./H1L1V1-FOREGROUND_MINIFOLLOWUP_FULL_DATA_FOREGROUND-1186740100-3400.dax_ID0000082.000/pegasus.14682273184527246387.properties -v --meta /mnt/poseidon-data/poseidon/workflows/pycbc/search/poseidon/submit/poseidon/pegasus/pycbc-search/run0476/00/03/./H1L1V1-FOREGROUND_MINIFOLLOWUP_FULL_DATA_FOREGROUND-1186740100-3400.dax_ID0000082.000/00/00/single_template_plot_ID4_ID0000009.meta,/mnt/poseidon-data/poseidon/workflows/pycbc/search/poseidon/submit/poseidon/pegasus/pycbc-search/run0476/00/03/./H1L1V1-FOREGROUND_MINIFOLLOWUP_FULL_DATA_FOREGROUND-1186740100-3400.dax_ID0000082.000/00/00/single_template_plot_ID4_ID0000005.meta,/mnt/poseidon-data/poseidon/workflows/pycbc/search/poseidon/submit/poseidon/pegasus/pycbc-search/run0476/00/03/./H1L1V1-FOREGROUND_MINIFOLLOWUP_FULL_DATA_FOREGROUND-1186740100-3400.dax_ID0000082.000/00/00/single_template_plot_ID4_ID0000007.meta --insert /mnt/poseidon-data/poseidon/workflows/pycbc/search/poseidon/submit/poseidon/pegasus/pycbc-search/run0476/00/03/./H1L1V1-FOREGROUND_MINIFOLLOWUP_FULL_DATA_FOREGROUND-1186740100-3400.dax_ID0000082.000/00/00/register_condorpool_1_0.in",3.1,0,0,,,,,,,,,
stage_out_local_condorpool_11_0,None,transfer,0,1716791872.0,,,1716791877.0,,,0.0,1716791877.0,1716791887.0,1716791877.0,1716791881.0,150297.0,1716791887.0,1716791892.0,5.0,,0.0,10.0,5.0,,,4.0,605801.0,poseidon,local,poseidon-submit,pegasus::transfer,/mnt/poseidon-data/poseidon/pegasus-5.1.0panorama/bin/pegasus-transfer,pegasus-kickstart  -n pegasus::transfer -N null -i - -R local  -L pycbc-search -T 2024-03-27T21:26:08+00:00 pegasus-transfer  --threads 2,1.0,0,0,,,,,,,,,
stage_out_local_condorpool_11_1,None,transfer,0,1716791882.0,,,1716791887.0,,,0.0,1716791887.0,1716791902.0,1716791888.0,1716791892.0,167991.0,1716791902.0,1716791907.0,5.0,,0.0,15.0,5.0,,,4.0,677624.0,poseidon,local,poseidon-submit,pegasus::transfer,/mnt/poseidon-data/poseidon/pegasus-5.1.0panorama/bin/pegasus-transfer,pegasus-kickstart  -n pegasus::transfer -N null -i - -R local  -L pycbc-search -T 2024-03-27T21:26:08+00:00 pegasus-transfer  --threads 2,1.0,0,0,,,,,,,,,
single_template_plot_ID14_ID0000035_pegasus-plan_ID0000174,None,compute,0,1716791889.0,,,1716791894.0,1716791895.0,1716791912.0,133761814.0,1716791895.0,1716791929.0,1716791920.0,1716791923.0,30275.0,1716791929.0,1716791934.0,5.0,,1.0,34.0,5.0,17.0,1389826192.0,3.0,83353.0,poseidon,condorpool,poseidon-worker-2-container-36-39,single_template_plot_ID14,/usr/local/bin/pycbc_single_template_plot,,2.9,0,0,,,,,,,,,
single_template_plot_ID14_ID0000017_pegasus-plan_ID0000174,None,compute,0,1716791889.0,,,1716791894.0,1716791895.0,1716791913.0,120945171.6,1716791895.0,1716791929.0,1716791921.0,1716791924.0,29658.0,1716791929.0,1716791934.0,5.0,,1.0,34.0,5.0,18.0,1389826192.0,3.0,82129.0,poseidon,condorpool,poseidon-worker-2-container-40-43,single_template_plot_ID14,/usr/local/bin/pycbc_single_template_plot,,2.9,0,0,,,,,,,,,
single_template_plot_ID14_ID0000039_pegasus-plan_ID0000174,None,compute,0,1716791889.0,,,1716791894.0,1716791895.0,1716791912.0,128545369.8,1716791895.0,1716791929.0,1716791920.0,1716791923.0,29522.0,1716791929.0,1716791934.0,5.0,,1.0,34.0,5.0,17.0,1389826192.0,3.0,81460.0,poseidon,condorpool,poseidon-worker-2-container-28-31,single_template_plot_ID14,/usr/local/bin/pycbc_single_template_plot,,2.9,0,0,,,,,,,,,
single_template_plot_ID14_ID0000015_pegasus-plan_ID0000174,None,compute,0,1716791889.0,,,1716791894.0,1716791895.0,1716791911.0,141882191.0,1716791895.0,1716791929.0,1716791920.0,1716791923.0,27540.0,1716791929.0,1716791934.0,5.0,,1.0,34.0,5.0,16.0,1389826192.0,3.0,83787.0,poseidon,condorpool,poseidon-worker-2-container-28-31,single_template_plot_ID14,/usr/local/bin/pycbc_single_template_plot,,3.0,0,0,,,,,,,,,
single_template_plot_ID14_ID0000031_pegasus-plan_ID0000174,None,compute,0,1716791889.0,,,1716791894.0,1716791895.0,1716791912.0,135029943.2,1716791895.0,1716791929.0,1716791920.0,1716791923.0,52185.0,1716791929.0,1716791934.0,5.0,,1.0,34.0,5.0,17.0,1389826192.0,3.0,146024.0,poseidon,condorpool,poseidon-worker-2-container-0-3,single_template_plot_ID14,/usr/local/bin/pycbc_single_template_plot,,3.2,0,0,,,,,,,,,
single_template_plot_ID14_ID0000021_pegasus-plan_ID0000174,None,compute,0,1716791889.0,,,1716791894.0,1716791895.0,1716791911.0,141738241.9,1716791895.0,1716791929.0,1716791920.0,1716791923.0,28213.0,1716791929.0,1716791934.0,5.0,,1.0,34.0,5.0,16.0,1389826192.0,3.0,84557.0,poseidon,condorpool,poseidon-worker-2-container-24-27,single_template_plot_ID14,/usr/local/bin/pycbc_single_template_plot,,3.1,0,0,,,,,,,,,
register_condorpool_11_0,None,auxiliary,0,1716791892.0,,,1716791897.0,,,0.0,1716791897.0,1716791902.0,,,0.0,1716791902.0,1716791907.0,5.0,,0.0,5.0,5.0,,,,,poseidon,local,poseidon-submit,pegasus::rc-client,/mnt/poseidon-data/poseidon/pegasus-5.1.0panorama/bin/pegasus-rc-client,"pegasus-kickstart  -n pegasus::rc-client -N null -R local  -L pycbc-search -T 2024-03-27T21:26:08+00:00 /home/poseidon/pegasus-5.1.0panorama/bin/pegasus-rc-client --prefix pegasus.catalog.replica.output --conf /mnt/poseidon-data/poseidon/workflows/pycbc/search/poseidon/submit/poseidon/pegasus/pycbc-search/run0476/pegasus.5909648066408654216.properties -v --meta /mnt/poseidon-data/poseidon/workflows/pycbc/search/poseidon/submit/poseidon/pegasus/pycbc-search/run0476/00/03/hdfinjfind_ID149_ID0000159.meta,/mnt/poseidon-data/poseidon/workflows/pycbc/search/poseidon/submit/poseidon/pegasus/pycbc-search/run0476/00/03/plot_binnedhist_ID54_ID0000059.meta,/mnt/poseidon-data/poseidon/workflows/pycbc/search/poseidon/submit/poseidon/pegasus/pycbc-search/run0476/00/03/plot_singles_ID51_ID0000052.meta,/mnt/poseidon-data/poseidon/workflows/pycbc/search/poseidon/submit/poseidon/pegasus/pycbc-search/run0476/00/03/plot_hist_ID52_ID0000057.meta,/mnt/poseidon-data/poseidon/workflows/pycbc/search/poseidon/submit/poseidon/pegasus/pycbc-search/run0476/00/03/plot_hist_ID52_ID0000053.meta,/mnt/poseidon-data/poseidon/workflows/pycbc/search/poseidon/submit/poseidon/pegasus/pycbc-search/run0476/00/03/plot_snrchi_ID48_ID0000050.meta,/mnt/poseidon-data/poseidon/workflows/pycbc/search/poseidon/submit/poseidon/pegasus/pycbc-search/run0476/00/03/plot_binnedhist_ID54_ID0000063.meta,/mnt/poseidon-data/poseidon/workflows/pycbc/search/poseidon/submit/poseidon/pegasus/pycbc-search/run0476/00/03/plot_singles_ID51_ID0000056.meta,/mnt/poseidon-data/poseidon/workflows/pycbc/search/poseidon/submit/poseidon/pegasus/pycbc-search/run0476/00/03/plot_hist_ID52_ID0000061.meta --insert /mnt/poseidon-data/poseidon/workflows/pycbc/search/poseidon/submit/poseidon/pegasus/pycbc-search/run0476/00/03/register_condorpool_11_0.in",3.2,0,0,,,,,,,,,
register_condorpool_11_1,None,auxiliary,0,1716791907.0,,,1716791912.0,,,0.0,1716791912.0,1716791917.0,,,0.0,1716791917.0,1716791922.0,5.0,,0.0,5.0,5.0,,,,,poseidon,local,poseidon-submit,pegasus::rc-client,/mnt/poseidon-data/poseidon/pegasus-5.1.0panorama/bin/pegasus-rc-client,"pegasus-kickstart  -n pegasus::rc-client -N null -R local  -L pycbc-search -T 2024-03-27T21:26:08+00:00 /home/poseidon/pegasus-5.1.0panorama/bin/pegasus-rc-client --prefix pegasus.catalog.replica.output --conf /mnt/poseidon-data/poseidon/workflows/pycbc/search/poseidon/submit/poseidon/pegasus/pycbc-search/run0476/pegasus.5909648066408654216.properties -v --meta /mnt/poseidon-data/poseidon/workflows/pycbc/search/poseidon/submit/poseidon/pegasus/pycbc-search/run0476/00/03/plot_hist_ID52_ID0000058.meta,/mnt/poseidon-data/poseidon/workflows/pycbc/search/poseidon/submit/poseidon/pegasus/pycbc-search/run0476/00/03/plot_binnedhist_ID54_ID0000055.meta,/mnt/poseidon-data/poseidon/workflows/pycbc/search/poseidon/submit/poseidon/pegasus/pycbc-search/run0476/00/03/hdfinjfind_ID149_ID0000158.meta,/mnt/poseidon-data/poseidon/workflows/pycbc/search/poseidon/submit/poseidon/pegasus/pycbc-search/run0476/00/03/plot_singles_ID51_ID0000060.meta,/mnt/poseidon-data/poseidon/workflows/pycbc/search/poseidon/submit/poseidon/pegasus/pycbc-search/run0476/00/03/plot_hist_ID52_ID0000054.meta,/mnt/poseidon-data/poseidon/workflows/pycbc/search/poseidon/submit/poseidon/pegasus/pycbc-search/run0476/00/03/plot_hist_ID52_ID0000062.meta,/mnt/poseidon-data/poseidon/workflows/pycbc/search/poseidon/submit/poseidon/pegasus/pycbc-search/run0476/00/03/plot_snrchi_ID48_ID0000049.meta,/mnt/poseidon-data/poseidon/workflows/pycbc/search/poseidon/submit/poseidon/pegasus/pycbc-search/run0476/00/03/plot_snrchi_ID48_ID0000051.meta --insert /mnt/poseidon-data/poseidon/workflows/pycbc/search/poseidon/submit/poseidon/pegasus/pycbc-search/run0476/00/03/register_condorpool_11_1.in",3.2,0,0,,,,,,,,,
stage_out_local_condorpool_12_2,None,transfer,0,1716792077.0,,,1716792082.0,,,0.0,1716792082.0,1716792092.0,1716792083.0,1716792087.0,102110.0,1716792092.0,1716792097.0,5.0,,0.0,10.0,5.0,,,4.0,412141.0,poseidon,local,poseidon-submit,pegasus::transfer,/mnt/poseidon-data/poseidon/pegasus-5.1.0panorama/bin/pegasus-transfer,pegasus-kickstart  -n pegasus::transfer -N null -i - -R local  -L pycbc-search -T 2024-03-27T21:26:08+00:00 pegasus-transfer  --threads 2,0.9,0,0,,,,,,,,,
stage_out_local_condorpool_12_1,None,transfer,0,1716792077.0,,,1716792082.0,,,0.0,1716792082.0,1716792092.0,1716792083.0,1716792087.0,100309.0,1716792092.0,1716792097.0,5.0,,0.0,10.0,5.0,,,4.0,405024.0,poseidon,local,poseidon-submit,pegasus::transfer,/mnt/poseidon-data/poseidon/pegasus-5.1.0panorama/bin/pegasus-transfer,pegasus-kickstart  -n pegasus::transfer -N null -i - -R local  -L pycbc-search -T 2024-03-27T21:26:08+00:00 pegasus-transfer  --threads 2,0.9,0,0,,,,,,,,,
stage_out_local_condorpool_12_0,None,transfer,0,1716792077.0,,,1716792082.0,,,0.0,1716792082.0,1716792092.0,1716792083.0,1716792087.0,174791.0,1716792092.0,1716792097.0,5.0,,0.0,10.0,5.0,,,4.0,706983.0,poseidon,local,poseidon-submit,pegasus::transfer,/mnt/poseidon-data/poseidon/pegasus-5.1.0panorama/bin/pegasus-transfer,pegasus-kickstart  -n pegasus::transfer -N null -i - -R local  -L pycbc-search -T 2024-03-27T21:26:08+00:00 pegasus-transfer  --threads 2,0.9,0,0,,,,,,,,,
register_condorpool_12_2,None,auxiliary,0,1716792097.0,,,1716792122.0,,,0.0,1716792123.0,1716792127.0,,,0.0,1716792127.0,1716792132.0,25.0,,1.0,4.0,5.0,,,,,poseidon,local,poseidon-submit,pegasus::rc-client,/mnt/poseidon-data/poseidon/pegasus-5.1.0panorama/bin/pegasus-rc-client,"pegasus-kickstart  -n pegasus::rc-client -N null -R local  -L pycbc-search -T 2024-03-27T21:26:08+00:00 /home/poseidon/pegasus-5.1.0panorama/bin/pegasus-rc-client --prefix pegasus.catalog.replica.output --conf /mnt/poseidon-data/poseidon/workflows/pycbc/search/poseidon/submit/poseidon/pegasus/pycbc-search/run0476/pegasus.5909648066408654216.properties -v --meta /mnt/poseidon-data/poseidon/workflows/pycbc/search/poseidon/submit/poseidon/pegasus/pycbc-search/run0476/00/04/plot_foundmissed_ID151_ID0000178.meta,/mnt/poseidon-data/poseidon/workflows/pycbc/search/poseidon/submit/poseidon/pegasus/pycbc-search/run0476/00/03/plot_foundmissed_ID151_ID0000160.meta,/mnt/poseidon-data/poseidon/workflows/pycbc/search/poseidon/submit/poseidon/pegasus/pycbc-search/run0476/00/03/plot_coinc_snrchi_ID155_ID0000165.meta,/mnt/poseidon-data/poseidon/workflows/pycbc/search/poseidon/submit/poseidon/pegasus/pycbc-search/run0476/00/04/plot_coinc_snrchi_ID155_ID0000169.meta,/mnt/poseidon-data/poseidon/workflows/pycbc/search/poseidon/submit/poseidon/pegasus/pycbc-search/run0476/00/04/plot_sensitivity_ID166_ID0000181.meta,/mnt/poseidon-data/poseidon/workflows/pycbc/search/poseidon/submit/poseidon/pegasus/pycbc-search/run0476/00/03/page_injections_ID153_ID0000162.meta,/mnt/poseidon-data/poseidon/workflows/pycbc/search/poseidon/submit/poseidon/pegasus/pycbc-search/run0476/00/04/plot_sensitivity_ID166_ID0000176.meta --insert /mnt/poseidon-data/poseidon/workflows/pycbc/search/poseidon/submit/poseidon/pegasus/pycbc-search/run0476/00/04/register_condorpool_12_2.in",3.2,0,0,,,,,,,,,
register_condorpool_12_0,None,auxiliary,0,1716792097.0,,,1716792102.0,,,0.0,1716792102.0,1716792107.0,,,0.0,1716792107.0,1716792112.0,5.0,,0.0,5.0,5.0,,,,,poseidon,local,poseidon-submit,pegasus::rc-client,/mnt/poseidon-data/poseidon/pegasus-5.1.0panorama/bin/pegasus-rc-client,"pegasus-kickstart  -n pegasus::rc-client -N null -R local  -L pycbc-search -T 2024-03-27T21:26:08+00:00 /home/poseidon/pegasus-5.1.0panorama/bin/pegasus-rc-client --prefix pegasus.catalog.replica.output --conf /mnt/poseidon-data/poseidon/workflows/pycbc/search/poseidon/submit/poseidon/pegasus/pycbc-search/run0476/pegasus.5909648066408654216.properties -v --meta /mnt/poseidon-data/poseidon/workflows/pycbc/search/poseidon/submit/poseidon/pegasus/pycbc-search/run0476/00/04/plot_foundmissed_ID151_ID0000183.meta,/mnt/poseidon-data/poseidon/workflows/pycbc/search/poseidon/submit/poseidon/pegasus/pycbc-search/run0476/00/03/plot_coinc_snrchi_ID155_ID0000167.meta,/mnt/poseidon-data/poseidon/workflows/pycbc/search/poseidon/submit/poseidon/pegasus/pycbc-search/run0476/00/03/plot_coinc_snrchi_ID155_ID0000164.meta,/mnt/poseidon-data/poseidon/workflows/pycbc/search/poseidon/submit/poseidon/pegasus/pycbc-search/run0476/00/03/plot_coinc_snrchi_ID155_ID0000170.meta,/mnt/poseidon-data/poseidon/workflows/pycbc/search/poseidon/submit/poseidon/pegasus/pycbc-search/run0476/00/03/plot_coinc_snrchi_ID155_ID0000172.meta,/mnt/poseidon-data/poseidon/workflows/pycbc/search/poseidon/submit/poseidon/pegasus/pycbc-search/run0476/00/04/plot_coinc_snrchi_ID155_ID0000168.meta,/mnt/poseidon-data/poseidon/workflows/pycbc/search/poseidon/submit/poseidon/pegasus/pycbc-search/run0476/00/04/plot_foundmissed_ID151_ID0000179.meta --insert /mnt/poseidon-data/poseidon/workflows/pycbc/search/poseidon/submit/poseidon/pegasus/pycbc-search/run0476/00/04/register_condorpool_12_0.in",3.2,0,0,,,,,,,,,
register_condorpool_12_1,None,auxiliary,0,1716792097.0,,,1716792112.0,,,0.0,1716792112.0,1716792117.0,,,0.0,1716792117.0,1716792122.0,15.0,,0.0,5.0,5.0,,,,,poseidon,local,poseidon-submit,pegasus::rc-client,/mnt/poseidon-data/poseidon/pegasus-5.1.0panorama/bin/pegasus-rc-client,"pegasus-kickstart  -n pegasus::rc-client -N null -R local  -L pycbc-search -T 2024-03-27T21:26:08+00:00 /home/poseidon/pegasus-5.1.0panorama/bin/pegasus-rc-client --prefix pegasus.catalog.replica.output --conf /mnt/poseidon-data/poseidon/workflows/pycbc/search/poseidon/submit/poseidon/pegasus/pycbc-search/run0476/pegasus.5909648066408654216.properties -v --meta /mnt/poseidon-data/poseidon/workflows/pycbc/search/poseidon/submit/poseidon/pegasus/pycbc-search/run0476/00/04/plot_coinc_snrchi_ID155_ID0000171.meta,/mnt/poseidon-data/poseidon/workflows/pycbc/search/poseidon/submit/poseidon/pegasus/pycbc-search/run0476/00/04/plot_sensitivity_ID166_ID0000180.meta,/mnt/poseidon-data/poseidon/workflows/pycbc/search/poseidon/submit/poseidon/pegasus/pycbc-search/run0476/00/04/plot_foundmissed_ID151_ID0000182.meta,/mnt/poseidon-data/poseidon/workflows/pycbc/search/poseidon/submit/poseidon/pegasus/pycbc-search/run0476/00/03/plot_coinc_snrchi_ID155_ID0000166.meta,/mnt/poseidon-data/poseidon/workflows/pycbc/search/poseidon/submit/poseidon/pegasus/pycbc-search/run0476/00/03/page_injections_ID153_ID0000163.meta,/mnt/poseidon-data/poseidon/workflows/pycbc/search/poseidon/submit/poseidon/pegasus/pycbc-search/run0476/00/03/plot_foundmissed_ID151_ID0000161.meta,/mnt/poseidon-data/poseidon/workflows/pycbc/search/poseidon/submit/poseidon/pegasus/pycbc-search/run0476/00/04/plot_sensitivity_ID166_ID0000177.meta --insert /mnt/poseidon-data/poseidon/workflows/pycbc/search/poseidon/submit/poseidon/pegasus/pycbc-search/run0476/00/04/register_condorpool_12_1.in",3.2,0,0,,,,,,,,,
stage_out_local_condorpool_0_1_pegasus-plan_ID0000174,None,transfer,0,1716792110.0,,,1716792115.0,,,0.0,1716792115.0,1716792125.0,1716792115.0,1716792119.0,7112.0,1716792125.0,1716792130.0,5.0,,0.0,10.0,5.0,,,4.0,28699.0,poseidon,local,poseidon-submit,pegasus::transfer,/mnt/poseidon-data/poseidon/pegasus-5.1.0panorama/bin/pegasus-transfer,/home/poseidon/pegasus-5.1.0panorama/bin/../bin/pegasus-kickstart  -n pegasus::transfer -N null -i - -R local  -L H1L1V1-INJECTION_MINIFOLLOWUP_BBH-1186740100-3400 -T 2024-03-13T22:37:56+00:00 /home/poseidon/pegasus-5.1.0panorama/bin/../bin/pegasus-transfer  --threads 2,0.5,0,0,,,,,,,,,
stage_out_local_condorpool_0_2_pegasus-plan_ID0000174,None,transfer,0,1716792115.0,,,1716792120.0,,,0.0,1716792123.0,1716792135.0,1716792123.0,1716792127.0,255077.0,1716792135.0,1716792140.0,5.0,,3.0,12.0,5.0,,,4.0,1028985.0,poseidon,local,poseidon-submit,pegasus::transfer,/mnt/poseidon-data/poseidon/pegasus-5.1.0panorama/bin/pegasus-transfer,/home/poseidon/pegasus-5.1.0panorama/bin/../bin/pegasus-kickstart  -n pegasus::transfer -N null -i - -R local  -L H1L1V1-INJECTION_MINIFOLLOWUP_BBH-1186740100-3400 -T 2024-03-13T22:37:56+00:00 /home/poseidon/pegasus-5.1.0panorama/bin/../bin/pegasus-transfer  --threads 2,0.5,0,0,,,,,,,,,
stage_out_local_condorpool_0_3_pegasus-plan_ID0000174,None,transfer,0,1716792120.0,,,1716792125.0,,,0.0,1716792125.0,1716792135.0,1716792126.0,1716792130.0,74741.0,1716792135.0,1716792140.0,5.0,,0.0,10.0,5.0,,,4.0,301590.0,poseidon,local,poseidon-submit,pegasus::transfer,/mnt/poseidon-data/poseidon/pegasus-5.1.0panorama/bin/pegasus-transfer,/home/poseidon/pegasus-5.1.0panorama/bin/../bin/pegasus-kickstart  -n pegasus::transfer -N null -i - -R local  -L H1L1V1-INJECTION_MINIFOLLOWUP_BBH-1186740100-3400 -T 2024-03-13T22:37:56+00:00 /home/poseidon/pegasus-5.1.0panorama/bin/../bin/pegasus-transfer  --threads 2,0.4,0,0,,,,,,,,,
stage_out_local_condorpool_0_0_pegasus-plan_ID0000174,None,transfer,0,1716792125.0,,,1716792130.0,,,0.0,1716792132.0,1716792145.0,1716792132.0,1716792136.0,167148.0,1716792145.0,1716792150.0,5.0,,2.0,13.0,5.0,,,4.0,674786.0,poseidon,local,poseidon-submit,pegasus::transfer,/mnt/poseidon-data/poseidon/pegasus-5.1.0panorama/bin/pegasus-transfer,/home/poseidon/pegasus-5.1.0panorama/bin/../bin/pegasus-kickstart  -n pegasus::transfer -N null -i - -R local  -L H1L1V1-INJECTION_MINIFOLLOWUP_BBH-1186740100-3400 -T 2024-03-13T22:37:56+00:00 /home/poseidon/pegasus-5.1.0panorama/bin/../bin/pegasus-transfer  --threads 2,0.7,0,0,,,,,,,,,
single_template_plot_ID14_ID0000041_pegasus-plan_ID0000174,None,compute,0,1716792130.0,,,1716792135.0,1716792136.0,1716792182.0,34524128.7,1716792135.0,1716792210.0,1716792190.0,1716792194.0,26037.0,1716792210.0,1716792215.0,5.0,,0.0,75.0,5.0,46.0,1389826192.0,4.0,82957.0,poseidon,condorpool,poseidon-worker-1-container-12-15,single_template_plot_ID14,/usr/local/bin/pycbc_single_template_plot,,2.9,0,0,,,,,,,,,
single_template_plot_ID14_ID0000027_pegasus-plan_ID0000174,None,compute,0,1716792130.0,,,1716792135.0,1716792136.0,1716792181.0,34357214.5,1716792135.0,1716792215.0,1716792191.0,1716792194.0,55204.0,1716792215.0,1716792220.0,5.0,,0.0,80.0,5.0,45.0,1389826192.0,3.0,155849.0,poseidon,condorpool,poseidon-worker-1-container-0-3,single_template_plot_ID14,/usr/local/bin/pycbc_single_template_plot,,3.1,0,0,,,,,,,,,
single_template_plot_ID14_ID0000049_pegasus-plan_ID0000174,None,compute,0,1716792130.0,,,1716792135.0,1716792136.0,1716792182.0,34362520.7,1716792135.0,1716792205.0,1716792191.0,1716792194.0,35100.0,1716792205.0,1716792210.0,5.0,,0.0,70.0,5.0,46.0,1389826192.0,3.0,98619.0,poseidon,condorpool,poseidon-worker-1-container-40-43,single_template_plot_ID14,/usr/local/bin/pycbc_single_template_plot,,3.6,0,0,,,,,,,,,
single_template_plot_ID14_ID0000045_pegasus-plan_ID0000174,None,compute,0,1716792130.0,,,1716792135.0,1716792136.0,1716792182.0,34057396.6,1716792135.0,1716792205.0,1716792191.0,1716792194.0,29214.0,1716792205.0,1716792210.0,5.0,,0.0,70.0,5.0,46.0,1389826192.0,3.0,82219.0,poseidon,condorpool,poseidon-worker-1-container-24-27,single_template_plot_ID14,/usr/local/bin/pycbc_single_template_plot,,3.2,0,0,,,,,,,,,
single_template_plot_ID14_ID0000037_pegasus-plan_ID0000174,None,compute,0,1716792130.0,,,1716792135.0,1716792136.0,1716792181.0,33344983.5,1716792135.0,1716792210.0,1716792191.0,1716792194.0,35343.0,1716792210.0,1716792215.0,5.0,,0.0,75.0,5.0,45.0,1389826192.0,3.0,99192.0,poseidon,condorpool,poseidon-worker-1-container-20-23,single_template_plot_ID14,/usr/local/bin/pycbc_single_template_plot,,3.2,0,0,,,,,,,,,
single_template_plot_ID14_ID0000033_pegasus-plan_ID0000174,None,compute,0,1716792130.0,,,1716792135.0,1716792136.0,1716792181.0,34292868.4,1716792135.0,1716792210.0,1716792191.0,1716792194.0,29451.0,1716792210.0,1716792215.0,5.0,,0.0,75.0,5.0,45.0,1389826192.0,3.0,83030.0,poseidon,condorpool,poseidon-worker-1-container-4-7,single_template_plot_ID14,/usr/local/bin/pycbc_single_template_plot,,3.2,0,0,,,,,,,,,
single_template_plot_ID14_ID0000023_pegasus-plan_ID0000174,None,compute,0,1716792135.0,,,1716792140.0,1716792142.0,1716792184.0,133848715.4,1716792141.0,1716792305.0,1716792296.0,1716792299.0,27717.0,1716792305.0,1716792310.0,5.0,,1.0,164.0,5.0,42.0,1389826192.0,3.0,83178.0,poseidon,condorpool,poseidon-worker-1-container-28-31,single_template_plot_ID14,/usr/local/bin/pycbc_single_template_plot,,2.7,0,0,,,,,,,,,
single_template_plot_ID14_ID0000047_pegasus-plan_ID0000174,None,compute,0,1716792135.0,,,1716792140.0,1716792142.0,1716792184.0,130576843.2,1716792141.0,1716792311.0,1716792297.0,1716792300.0,29229.0,1716792311.0,1716792316.0,5.0,,1.0,170.0,5.0,42.0,1389826192.0,3.0,82377.0,poseidon,condorpool,poseidon-worker-1-container-24-27,single_template_plot_ID14,/usr/local/bin/pycbc_single_template_plot,,2.8,0,0,,,,,,,,,
single_template_plot_ID14_ID0000043_pegasus-plan_ID0000174,None,compute,0,1716792140.0,,,1716792145.0,1716792147.0,1716792196.0,32105309.9,1716792146.0,1716792310.0,1716792297.0,1716792300.0,34717.0,1716792310.0,1716792316.0,5.0,,1.0,164.0,6.0,49.0,1389826192.0,3.0,97669.0,poseidon,condorpool,poseidon-worker-1-container-16-19,single_template_plot_ID14,/usr/local/bin/pycbc_single_template_plot,,2.9,0,0,,,,,,,,,
single_template_plot_ID14_ID0000029_pegasus-plan_ID0000174,hdd_10,compute,0,1716792140.0,,,1716792145.0,1716792147.0,1716792199.0,30049054.7,1716792146.0,1716792311.0,1716792297.0,1716792300.0,50039.0,1716792311.0,1716792316.0,5.0,,1.0,165.0,5.0,52.0,1389826192.0,3.0,141428.0,poseidon,condorpool,poseidon-worker-1-container-44-47,single_template_plot_ID14,/usr/local/bin/pycbc_single_template_plot,,3.0,0,0,,,,,,,,,
register_condorpool_0_1_pegasus-plan_ID0000174,None,auxiliary,0,1716792140.0,,,1716792170.0,,,0.0,1716792171.0,1716792175.0,,,0.0,1716792175.0,1716792180.0,30.0,,1.0,4.0,5.0,,,,,poseidon,local,poseidon-submit,pegasus::rc-client,/mnt/poseidon-data/poseidon/pegasus-5.1.0panorama/bin/pegasus-rc-client,"-n pegasus::rc-client -N null -R local  -L H1L1V1-INJECTION_MINIFOLLOWUP_BBH-1186740100-3400 -T 2024-03-13T22:37:56+00:00 /home/poseidon/pegasus-5.1.0panorama/bin/pegasus-rc-client --prefix pegasus.catalog.replica.output --conf /mnt/poseidon-data/poseidon/workflows/pycbc/search/poseidon/submit/poseidon/pegasus/pycbc-search/run0476/00/04/./H1L1V1-INJECTION_MINIFOLLOWUP_BBH-1186740100-3400.dax_ID0000174.000/pegasus.5683912412284846252.properties -v --meta /mnt/poseidon-data/poseidon/workflows/pycbc/search/poseidon/submit/poseidon/pegasus/pycbc-search/run0476/00/04/./H1L1V1-INJECTION_MINIFOLLOWUP_BBH-1186740100-3400.dax_ID0000174.000/00/00/plot_trigger_timeseries_ID5_ID0000007.meta,/mnt/poseidon-data/poseidon/workflows/pycbc/search/poseidon/submit/poseidon/pegasus/pycbc-search/run0476/00/04/./H1L1V1-INJECTION_MINIFOLLOWUP_BBH-1186740100-3400.dax_ID0000174.000/00/00/single_template_ID13_ID0000020.meta,/mnt/poseidon-data/poseidon/workflows/pycbc/search/poseidon/submit/poseidon/pegasus/pycbc-search/run0476/00/04/./H1L1V1-INJECTION_MINIFOLLOWUP_BBH-1186740100-3400.dax_ID0000174.000/00/00/single_template_ID13_ID0000042.meta,/mnt/poseidon-data/poseidon/workflows/pycbc/search/poseidon/submit/poseidon/pegasus/pycbc-search/run0476/00/04/./H1L1V1-INJECTION_MINIFOLLOWUP_BBH-1186740100-3400.dax_ID0000174.000/00/00/page_injinfo_ID0_ID0000001.meta,/mnt/poseidon-data/poseidon/workflows/pycbc/search/poseidon/submit/poseidon/pegasus/pycbc-search/run0476/00/04/./H1L1V1-INJECTION_MINIFOLLOWUP_BBH-1186740100-3400.dax_ID0000174.000/00/00/page_snglinfo_ID2_ID0000005.meta,/mnt/poseidon-data/poseidon/workflows/pycbc/search/poseidon/submit/poseidon/pegasus/pycbc-search/run0476/00/04/./H1L1V1-INJECTION_MINIFOLLOWUP_BBH-1186740100-3400.dax_ID0000174.000/00/00/single_template_ID13_ID0000026.meta,/mnt/poseidon-data/poseidon/workflows/pycbc/search/poseidon/submit/poseidon/pegasus/pycbc-search/run0476/00/04/./H1L1V1-INJECTION_MINIFOLLOWUP_BBH-1186740100-3400.dax_ID0000174.000/00/00/single_template_ID13_ID0000034.meta,/mnt/poseidon-data/poseidon/workflows/pycbc/search/poseidon/submit/poseidon/pegasus/pycbc-search/run0476/00/04/./H1L1V1-INJECTION_MINIFOLLOWUP_BBH-1186740100-3400.dax_ID0000174.000/00/00/single_template_ID13_ID0000044.meta --insert /mnt/poseidon-data/poseidon/workflows/pycbc/search/poseidon/submit/poseidon/pegasus/pycbc-search/run0476/00/04/./H1L1V1-INJECTION_MINIFOLLOWUP_BBH-1186740100-3400.dax_ID0000174.000/00/00/register_condorpool_0_1.in",3.2,0,0,,,,,,,,,
register_condorpool_0_2_pegasus-plan_ID0000174,None,auxiliary,0,1716792140.0,,,1716792145.0,,,0.0,1716792149.0,1716792155.0,,,0.0,1716792155.0,1716792160.0,5.0,,4.0,6.0,5.0,,,,,poseidon,local,poseidon-submit,pegasus::rc-client,/mnt/poseidon-data/poseidon/pegasus-5.1.0panorama/bin/pegasus-rc-client,"-n pegasus::rc-client -N null -R local  -L H1L1V1-INJECTION_MINIFOLLOWUP_BBH-1186740100-3400 -T 2024-03-13T22:37:56+00:00 /home/poseidon/pegasus-5.1.0panorama/bin/pegasus-rc-client --prefix pegasus.catalog.replica.output --conf /mnt/poseidon-data/poseidon/workflows/pycbc/search/poseidon/submit/poseidon/pegasus/pycbc-search/run0476/00/04/./H1L1V1-INJECTION_MINIFOLLOWUP_BBH-1186740100-3400.dax_ID0000174.000/pegasus.5683912412284846252.properties -v --meta /mnt/poseidon-data/poseidon/workflows/pycbc/search/poseidon/submit/poseidon/pegasus/pycbc-search/run0476/00/04/./H1L1V1-INJECTION_MINIFOLLOWUP_BBH-1186740100-3400.dax_ID0000174.000/00/00/single_template_ID13_ID0000036.meta,/mnt/poseidon-data/poseidon/workflows/pycbc/search/poseidon/submit/poseidon/pegasus/pycbc-search/run0476/00/04/./H1L1V1-INJECTION_MINIFOLLOWUP_BBH-1186740100-3400.dax_ID0000174.000/00/00/single_template_ID13_ID0000014.meta,/mnt/poseidon-data/poseidon/workflows/pycbc/search/poseidon/submit/poseidon/pegasus/pycbc-search/run0476/00/04/./H1L1V1-INJECTION_MINIFOLLOWUP_BBH-1186740100-3400.dax_ID0000174.000/00/00/plot_qscan_ID8_ID0000011.meta,/mnt/poseidon-data/poseidon/workflows/pycbc/search/poseidon/submit/poseidon/pegasus/pycbc-search/run0476/00/04/./H1L1V1-INJECTION_MINIFOLLOWUP_BBH-1186740100-3400.dax_ID0000174.000/00/00/plot_singles_timefreq_ID7_ID0000010.meta,/mnt/poseidon-data/poseidon/workflows/pycbc/search/poseidon/submit/poseidon/pegasus/pycbc-search/run0476/00/04/./H1L1V1-INJECTION_MINIFOLLOWUP_BBH-1186740100-3400.dax_ID0000174.000/00/00/single_template_ID13_ID0000030.meta,/mnt/poseidon-data/poseidon/workflows/pycbc/search/poseidon/submit/poseidon/pegasus/pycbc-search/run0476/00/04/./H1L1V1-INJECTION_MINIFOLLOWUP_BBH-1186740100-3400.dax_ID0000174.000/00/00/single_template_ID13_ID0000046.meta,/mnt/poseidon-data/poseidon/workflows/pycbc/search/poseidon/submit/poseidon/pegasus/pycbc-search/run0476/00/04/./H1L1V1-INJECTION_MINIFOLLOWUP_BBH-1186740100-3400.dax_ID0000174.000/00/00/single_template_ID13_ID0000028.meta,/mnt/poseidon-data/poseidon/workflows/pycbc/search/poseidon/submit/poseidon/pegasus/pycbc-search/run0476/00/04/./H1L1V1-INJECTION_MINIFOLLOWUP_BBH-1186740100-3400.dax_ID0000174.000/00/00/plot_singles_timefreq_ID7_ID0000008.meta --insert /mnt/poseidon-data/poseidon/workflows/pycbc/search/poseidon/submit/poseidon/pegasus/pycbc-search/run0476/00/04/./H1L1V1-INJECTION_MINIFOLLOWUP_BBH-1186740100-3400.dax_ID0000174.000/00/00/register_condorpool_0_2.in",3.2,0,0,,,,,,,,,
single_template_plot_ID14_ID0000019_pegasus-plan_ID0000174,None,compute,0,1716792145.0,,,1716792150.0,1716792181.0,1716792198.0,134957950.4,1716792150.0,1716792310.0,1716792297.0,1716792300.0,35849.0,1716792310.0,1716792316.0,5.0,,0.0,160.0,6.0,17.0,1389826192.0,3.0,99476.0,poseidon,condorpool,poseidon-worker-1-container-36-39,single_template_plot_ID14,/usr/local/bin/pycbc_single_template_plot,,2.8,0,0,,,,,,,,,
single_template_plot_ID14_ID0000025_pegasus-plan_ID0000174,None,compute,0,1716792145.0,,,1716792150.0,1716792183.0,1716792198.0,141032945.3,1716792182.0,1716792311.0,1716792297.0,1716792300.0,35371.0,1716792311.0,1716792316.0,5.0,,32.0,129.0,5.0,15.0,1389826192.0,3.0,99939.0,poseidon,condorpool,poseidon-worker-1-container-24-27,single_template_plot_ID14,/usr/local/bin/pycbc_single_template_plot,,3.0,0,0,,,,,,,,,
register_condorpool_0_3_pegasus-plan_ID0000174,None,auxiliary,0,1716792145.0,,,1716792180.0,,,0.0,1716792180.0,1716792185.0,,,0.0,1716792185.0,1716792190.0,35.0,,0.0,5.0,5.0,,,,,poseidon,local,poseidon-submit,pegasus::rc-client,/mnt/poseidon-data/poseidon/pegasus-5.1.0panorama/bin/pegasus-rc-client,"-n pegasus::rc-client -N null -R local  -L H1L1V1-INJECTION_MINIFOLLOWUP_BBH-1186740100-3400 -T 2024-03-13T22:37:56+00:00 /home/poseidon/pegasus-5.1.0panorama/bin/pegasus-rc-client --prefix pegasus.catalog.replica.output --conf /mnt/poseidon-data/poseidon/workflows/pycbc/search/poseidon/submit/poseidon/pegasus/pycbc-search/run0476/00/04/./H1L1V1-INJECTION_MINIFOLLOWUP_BBH-1186740100-3400.dax_ID0000174.000/pegasus.5683912412284846252.properties -v --meta /mnt/poseidon-data/poseidon/workflows/pycbc/search/poseidon/submit/poseidon/pegasus/pycbc-search/run0476/00/04/./H1L1V1-INJECTION_MINIFOLLOWUP_BBH-1186740100-3400.dax_ID0000174.000/00/00/single_template_ID13_ID0000016.meta,/mnt/poseidon-data/poseidon/workflows/pycbc/search/poseidon/submit/poseidon/pegasus/pycbc-search/run0476/00/04/./H1L1V1-INJECTION_MINIFOLLOWUP_BBH-1186740100-3400.dax_ID0000174.000/00/00/single_template_ID13_ID0000038.meta,/mnt/poseidon-data/poseidon/workflows/pycbc/search/poseidon/submit/poseidon/pegasus/pycbc-search/run0476/00/04/./H1L1V1-INJECTION_MINIFOLLOWUP_BBH-1186740100-3400.dax_ID0000174.000/00/00/plot_qscan_ID8_ID0000013.meta,/mnt/poseidon-data/poseidon/workflows/pycbc/search/poseidon/submit/poseidon/pegasus/pycbc-search/run0476/00/04/./H1L1V1-INJECTION_MINIFOLLOWUP_BBH-1186740100-3400.dax_ID0000174.000/00/00/single_template_ID13_ID0000018.meta,/mnt/poseidon-data/poseidon/workflows/pycbc/search/poseidon/submit/poseidon/pegasus/pycbc-search/run0476/00/04/./H1L1V1-INJECTION_MINIFOLLOWUP_BBH-1186740100-3400.dax_ID0000174.000/00/00/single_template_ID13_ID0000048.meta,/mnt/poseidon-data/poseidon/workflows/pycbc/search/poseidon/submit/poseidon/pegasus/pycbc-search/run0476/00/04/./H1L1V1-INJECTION_MINIFOLLOWUP_BBH-1186740100-3400.dax_ID0000174.000/00/00/single_template_ID13_ID0000022.meta,/mnt/poseidon-data/poseidon/workflows/pycbc/search/poseidon/submit/poseidon/pegasus/pycbc-search/run0476/00/04/./H1L1V1-INJECTION_MINIFOLLOWUP_BBH-1186740100-3400.dax_ID0000174.000/00/00/page_coincinfo_ID1_ID0000002.meta --insert /mnt/poseidon-data/poseidon/workflows/pycbc/search/poseidon/submit/poseidon/pegasus/pycbc-search/run0476/00/04/./H1L1V1-INJECTION_MINIFOLLOWUP_BBH-1186740100-3400.dax_ID0000174.000/00/00/register_condorpool_0_3.in",3.2,0,0,,,,,,,,,
register_condorpool_0_0_pegasus-plan_ID0000174,None,auxiliary,0,1716792150.0,,,1716792160.0,,,0.0,1716792160.0,1716792165.0,,,0.0,1716792165.0,1716792170.0,10.0,,0.0,5.0,5.0,,,,,poseidon,local,poseidon-submit,pegasus::rc-client,/mnt/poseidon-data/poseidon/pegasus-5.1.0panorama/bin/pegasus-rc-client,"-n pegasus::rc-client -N null -R local  -L H1L1V1-INJECTION_MINIFOLLOWUP_BBH-1186740100-3400 -T 2024-03-13T22:37:56+00:00 /home/poseidon/pegasus-5.1.0panorama/bin/pegasus-rc-client --prefix pegasus.catalog.replica.output --conf /mnt/poseidon-data/poseidon/workflows/pycbc/search/poseidon/submit/poseidon/pegasus/pycbc-search/run0476/00/04/./H1L1V1-INJECTION_MINIFOLLOWUP_BBH-1186740100-3400.dax_ID0000174.000/pegasus.5683912412284846252.properties -v --meta /mnt/poseidon-data/poseidon/workflows/pycbc/search/poseidon/submit/poseidon/pegasus/pycbc-search/run0476/00/04/./H1L1V1-INJECTION_MINIFOLLOWUP_BBH-1186740100-3400.dax_ID0000174.000/00/00/single_template_ID13_ID0000040.meta,/mnt/poseidon-data/poseidon/workflows/pycbc/search/poseidon/submit/poseidon/pegasus/pycbc-search/run0476/00/04/./H1L1V1-INJECTION_MINIFOLLOWUP_BBH-1186740100-3400.dax_ID0000174.000/00/00/page_snglinfo_ID2_ID0000003.meta,/mnt/poseidon-data/poseidon/workflows/pycbc/search/poseidon/submit/poseidon/pegasus/pycbc-search/run0476/00/04/./H1L1V1-INJECTION_MINIFOLLOWUP_BBH-1186740100-3400.dax_ID0000174.000/00/00/plot_trigger_timeseries_ID5_ID0000006.meta,/mnt/poseidon-data/poseidon/workflows/pycbc/search/poseidon/submit/poseidon/pegasus/pycbc-search/run0476/00/04/./H1L1V1-INJECTION_MINIFOLLOWUP_BBH-1186740100-3400.dax_ID0000174.000/00/00/plot_singles_timefreq_ID7_ID0000012.meta,/mnt/poseidon-data/poseidon/workflows/pycbc/search/poseidon/submit/poseidon/pegasus/pycbc-search/run0476/00/04/./H1L1V1-INJECTION_MINIFOLLOWUP_BBH-1186740100-3400.dax_ID0000174.000/00/00/single_template_ID13_ID0000024.meta,/mnt/poseidon-data/poseidon/workflows/pycbc/search/poseidon/submit/poseidon/pegasus/pycbc-search/run0476/00/04/./H1L1V1-INJECTION_MINIFOLLOWUP_BBH-1186740100-3400.dax_ID0000174.000/00/00/single_template_ID13_ID0000032.meta,/mnt/poseidon-data/poseidon/workflows/pycbc/search/poseidon/submit/poseidon/pegasus/pycbc-search/run0476/00/04/./H1L1V1-INJECTION_MINIFOLLOWUP_BBH-1186740100-3400.dax_ID0000174.000/00/00/plot_qscan_ID8_ID0000009.meta,/mnt/poseidon-data/poseidon/workflows/pycbc/search/poseidon/submit/poseidon/pegasus/pycbc-search/run0476/00/04/./H1L1V1-INJECTION_MINIFOLLOWUP_BBH-1186740100-3400.dax_ID0000174.000/00/00/page_snglinfo_ID2_ID0000004.meta --insert /mnt/poseidon-data/poseidon/workflows/pycbc/search/poseidon/submit/poseidon/pegasus/pycbc-search/run0476/00/04/./H1L1V1-INJECTION_MINIFOLLOWUP_BBH-1186740100-3400.dax_ID0000174.000/00/00/register_condorpool_0_0.in",3.2,0,0,,,,,,,,,
stage_out_local_condorpool_1_1_pegasus-plan_ID0000174,None,transfer,0,1716792316.0,,,1716792321.0,,,0.0,1716792321.0,1716792331.0,1716792321.0,1716792325.0,222947.0,1716792331.0,1716792336.0,5.0,,0.0,10.0,5.0,,,4.0,900594.0,poseidon,local,poseidon-submit,pegasus::transfer,/mnt/poseidon-data/poseidon/pegasus-5.1.0panorama/bin/pegasus-transfer,/home/poseidon/pegasus-5.1.0panorama/bin/../bin/pegasus-kickstart  -n pegasus::transfer -N null -i - -R local  -L H1L1V1-INJECTION_MINIFOLLOWUP_BBH-1186740100-3400 -T 2024-03-13T22:37:56+00:00 /home/poseidon/pegasus-5.1.0panorama/bin/../bin/pegasus-transfer  --threads 2,1.1,0,0,,,,,,,,,
stage_out_local_condorpool_1_0_pegasus-plan_ID0000174,None,transfer,0,1716792316.0,,,1716792321.0,,,0.0,1716792321.0,1716792331.0,1716792321.0,1716792325.0,214764.0,1716792331.0,1716792336.0,5.0,,0.0,10.0,5.0,,,4.0,866649.0,poseidon,local,poseidon-submit,pegasus::transfer,/mnt/poseidon-data/poseidon/pegasus-5.1.0panorama/bin/pegasus-transfer,/home/poseidon/pegasus-5.1.0panorama/bin/../bin/pegasus-kickstart  -n pegasus::transfer -N null -i - -R local  -L H1L1V1-INJECTION_MINIFOLLOWUP_BBH-1186740100-3400 -T 2024-03-13T22:37:56+00:00 /home/poseidon/pegasus-5.1.0panorama/bin/../bin/pegasus-transfer  --threads 2,1.1,0,0,,,,,,,,,
register_condorpool_1_0_pegasus-plan_ID0000174,None,auxiliary,0,1716792336.0,,,1716792351.0,,,0.0,1716792351.0,1716792356.0,,,0.0,1716792356.0,1716792361.0,15.0,,0.0,5.0,5.0,,,,,poseidon,local,poseidon-submit,pegasus::rc-client,/mnt/poseidon-data/poseidon/pegasus-5.1.0panorama/bin/pegasus-rc-client,"-n pegasus::rc-client -N null -R local  -L H1L1V1-INJECTION_MINIFOLLOWUP_BBH-1186740100-3400 -T 2024-03-13T22:37:56+00:00 /home/poseidon/pegasus-5.1.0panorama/bin/pegasus-rc-client --prefix pegasus.catalog.replica.output --conf /mnt/poseidon-data/poseidon/workflows/pycbc/search/poseidon/submit/poseidon/pegasus/pycbc-search/run0476/00/04/./H1L1V1-INJECTION_MINIFOLLOWUP_BBH-1186740100-3400.dax_ID0000174.000/pegasus.5683912412284846252.properties -v --meta /mnt/poseidon-data/poseidon/workflows/pycbc/search/poseidon/submit/poseidon/pegasus/pycbc-search/run0476/00/04/./H1L1V1-INJECTION_MINIFOLLOWUP_BBH-1186740100-3400.dax_ID0000174.000/00/01/single_template_plot_ID14_ID0000017.meta,/mnt/poseidon-data/poseidon/workflows/pycbc/search/poseidon/submit/poseidon/pegasus/pycbc-search/run0476/00/04/./H1L1V1-INJECTION_MINIFOLLOWUP_BBH-1186740100-3400.dax_ID0000174.000/00/01/single_template_plot_ID14_ID0000027.meta,/mnt/poseidon-data/poseidon/workflows/pycbc/search/poseidon/submit/poseidon/pegasus/pycbc-search/run0476/00/04/./H1L1V1-INJECTION_MINIFOLLOWUP_BBH-1186740100-3400.dax_ID0000174.000/00/00/single_template_plot_ID14_ID0000041.meta,/mnt/poseidon-data/poseidon/workflows/pycbc/search/poseidon/submit/poseidon/pegasus/pycbc-search/run0476/00/04/./H1L1V1-INJECTION_MINIFOLLOWUP_BBH-1186740100-3400.dax_ID0000174.000/00/00/single_template_plot_ID14_ID0000037.meta,/mnt/poseidon-data/poseidon/workflows/pycbc/search/poseidon/submit/poseidon/pegasus/pycbc-search/run0476/00/04/./H1L1V1-INJECTION_MINIFOLLOWUP_BBH-1186740100-3400.dax_ID0000174.000/00/01/single_template_plot_ID14_ID0000049.meta,/mnt/poseidon-data/poseidon/workflows/pycbc/search/poseidon/submit/poseidon/pegasus/pycbc-search/run0476/00/04/./H1L1V1-INJECTION_MINIFOLLOWUP_BBH-1186740100-3400.dax_ID0000174.000/00/00/single_template_plot_ID14_ID0000033.meta,/mnt/poseidon-data/poseidon/workflows/pycbc/search/poseidon/submit/poseidon/pegasus/pycbc-search/run0476/00/04/./H1L1V1-INJECTION_MINIFOLLOWUP_BBH-1186740100-3400.dax_ID0000174.000/00/01/single_template_plot_ID14_ID0000045.meta,/mnt/poseidon-data/poseidon/workflows/pycbc/search/poseidon/submit/poseidon/pegasus/pycbc-search/run0476/00/04/./H1L1V1-INJECTION_MINIFOLLOWUP_BBH-1186740100-3400.dax_ID0000174.000/00/01/single_template_plot_ID14_ID0000023.meta,/mnt/poseidon-data/poseidon/workflows/pycbc/search/poseidon/submit/poseidon/pegasus/pycbc-search/run0476/00/04/./H1L1V1-INJECTION_MINIFOLLOWUP_BBH-1186740100-3400.dax_ID0000174.000/00/01/single_template_plot_ID14_ID0000019.meta --insert /mnt/poseidon-data/poseidon/workflows/pycbc/search/poseidon/submit/poseidon/pegasus/pycbc-search/run0476/00/04/./H1L1V1-INJECTION_MINIFOLLOWUP_BBH-1186740100-3400.dax_ID0000174.000/00/01/register_condorpool_1_0.in",3.1,0,0,,,,,,,,,
register_condorpool_1_1_pegasus-plan_ID0000174,None,auxiliary,0,1716792336.0,,,1716792341.0,,,0.0,1716792341.0,1716792346.0,,,0.0,1716792346.0,1716792351.0,5.0,,0.0,5.0,5.0,,,,,poseidon,local,poseidon-submit,pegasus::rc-client,/mnt/poseidon-data/poseidon/pegasus-5.1.0panorama/bin/pegasus-rc-client,"-n pegasus::rc-client -N null -R local  -L H1L1V1-INJECTION_MINIFOLLOWUP_BBH-1186740100-3400 -T 2024-03-13T22:37:56+00:00 /home/poseidon/pegasus-5.1.0panorama/bin/pegasus-rc-client --prefix pegasus.catalog.replica.output --conf /mnt/poseidon-data/poseidon/workflows/pycbc/search/poseidon/submit/poseidon/pegasus/pycbc-search/run0476/00/04/./H1L1V1-INJECTION_MINIFOLLOWUP_BBH-1186740100-3400.dax_ID0000174.000/pegasus.5683912412284846252.properties -v --meta /mnt/poseidon-data/poseidon/workflows/pycbc/search/poseidon/submit/poseidon/pegasus/pycbc-search/run0476/00/04/./H1L1V1-INJECTION_MINIFOLLOWUP_BBH-1186740100-3400.dax_ID0000174.000/00/01/single_template_plot_ID14_ID0000025.meta,/mnt/poseidon-data/poseidon/workflows/pycbc/search/poseidon/submit/poseidon/pegasus/pycbc-search/run0476/00/04/./H1L1V1-INJECTION_MINIFOLLOWUP_BBH-1186740100-3400.dax_ID0000174.000/00/00/single_template_plot_ID14_ID0000043.meta,/mnt/poseidon-data/poseidon/workflows/pycbc/search/poseidon/submit/poseidon/pegasus/pycbc-search/run0476/00/04/./H1L1V1-INJECTION_MINIFOLLOWUP_BBH-1186740100-3400.dax_ID0000174.000/00/00/single_template_plot_ID14_ID0000039.meta,/mnt/poseidon-data/poseidon/workflows/pycbc/search/poseidon/submit/poseidon/pegasus/pycbc-search/run0476/00/04/./H1L1V1-INJECTION_MINIFOLLOWUP_BBH-1186740100-3400.dax_ID0000174.000/00/01/single_template_plot_ID14_ID0000015.meta,/mnt/poseidon-data/poseidon/workflows/pycbc/search/poseidon/submit/poseidon/pegasus/pycbc-search/run0476/00/04/./H1L1V1-INJECTION_MINIFOLLOWUP_BBH-1186740100-3400.dax_ID0000174.000/00/01/single_template_plot_ID14_ID0000029.meta,/mnt/poseidon-data/poseidon/workflows/pycbc/search/poseidon/submit/poseidon/pegasus/pycbc-search/run0476/00/04/./H1L1V1-INJECTION_MINIFOLLOWUP_BBH-1186740100-3400.dax_ID0000174.000/00/01/single_template_plot_ID14_ID0000047.meta,/mnt/poseidon-data/poseidon/workflows/pycbc/search/poseidon/submit/poseidon/pegasus/pycbc-search/run0476/00/04/./H1L1V1-INJECTION_MINIFOLLOWUP_BBH-1186740100-3400.dax_ID0000174.000/00/01/single_template_plot_ID14_ID0000021.meta,/mnt/poseidon-data/poseidon/workflows/pycbc/search/poseidon/submit/poseidon/pegasus/pycbc-search/run0476/00/04/./H1L1V1-INJECTION_MINIFOLLOWUP_BBH-1186740100-3400.dax_ID0000174.000/00/01/single_template_plot_ID14_ID0000031.meta,/mnt/poseidon-data/poseidon/workflows/pycbc/search/poseidon/submit/poseidon/pegasus/pycbc-search/run0476/00/04/./H1L1V1-INJECTION_MINIFOLLOWUP_BBH-1186740100-3400.dax_ID0000174.000/00/00/single_template_plot_ID14_ID0000035.meta --insert /mnt/poseidon-data/poseidon/workflows/pycbc/search/poseidon/submit/poseidon/pegasus/pycbc-search/run0476/00/04/./H1L1V1-INJECTION_MINIFOLLOWUP_BBH-1186740100-3400.dax_ID0000174.000/00/01/register_condorpool_1_1.in",3.4,0,0,,,,,,,,,
cleanup_pycbc-search_0_condorpool,None,auxiliary,0,1716792363.0,,,1716792368.0,,,0.0,1716792368.0,1716792378.0,,,0.0,1716792378.0,1716792383.0,5.0,,0.0,10.0,5.0,,,,,poseidon,local,poseidon-submit,pegasus::cleanup,/mnt/poseidon-data/poseidon/pegasus-5.1.0panorama/bin/pegasus-transfer,pegasus-kickstart  -n pegasus::cleanup -N null -i - -R local  -L pycbc-search -T 2024-03-27T21:26:08+00:00 pegasus-transfer,0.3,0,0,,,,,,,,,
cleanup_pycbc-search_0_local,None,auxiliary,0,1716792363.0,,,1716792368.0,,,0.0,1716792368.0,1716792378.0,,,0.0,1716792378.0,1716792383.0,5.0,,0.0,10.0,5.0,,,,,poseidon,local,poseidon-submit,pegasus::cleanup,/mnt/poseidon-data/poseidon/pegasus-5.1.0panorama/bin/pegasus-transfer,pegasus-kickstart  -n pegasus::cleanup -N null -i - -R local  -L pycbc-search -T 2024-03-27T21:26:08+00:00 pegasus-transfer,0.3,0,0,,,,,,,,,
